   

983048   

983416   

981304   983594   

982275   

984123   984215   

982741   

982456   

981930   981124   

921036   

987807   

982680   

984604   

973709   

983032   

982154   

985358   

988957   989578   989580   

985907   983308   984516   984141   

982608   

988616   

984473   984624   

986518   

989327   989230   988420   987942   

982798   

983125   

971930   

983032   

972897   981537   

991205   985781   988046   

987864   

988952   

982558   

991654   989672   991547   991409   985203   991357   984977   985807   

989637   

982278   982374   

981364   

985753   991937   

987738   

984324   

983719   

980459   977311   

989161   985178   

980393   

976800   

980286   976573   975982   

986243   

975483   

985846   

981124   

983125   982780   983454   980393   983206   

991863   988075   

991288   

983888   

981849   

984962   981930   984082   985256   

986243   985875   984034   985860   985312   

984962   987818   984972   

984462   

985063   

982884   980156   

983149   

984082   

991589   985404   985405   

953403   981078   981795   

986822   986858   984094   

982757   

983956   

991644   

982296   982837   983311   

980459   

975380   982650   956882   

989465   

986485   

983149   

983303   

988957   

984359   

982775   986974   

986526   

991607   

982697   

983454   

983665   

986437   

984419   984526   

986996   

982876   982945   

985697   

982697   

920995   

986746   

983208   983266   

983122   

991808   

984601   

983149   985790   

983175   

984082   985256   

983636   

988420   986366   

982597   984981   984105   

981786   

986243   

983619   

989457   

989637   

991589   

984083   

983122   

989934   

982640   

921036   

985364   

984508   

984082   

982234   

986527   

986837   

981787   

992338   

982477   

984972   

986382   

981537   

982181   

987056   

983302   

986996   

984541   

991412   

986384   983311   

984082   

981931   985364   

988179   

991240   

981784   

988649   991602   

991929   991758   989609   

984094   985741   

977002   991309   

987738   987736   

982229   983593   

987775   

983305   

981124   

986474   

981124   

989763   988075   989904   

985799   

985984   

984082   984207   

984293   

992005   991917   

984977   

984977   

988168   

983653   

987448   

984541   

986589   988820   

982772   

985741   

982026   

971930   

985863   

991256   

982230   982811   

980459   

970585   

975612   975592   

985979   

984094   984324   

985717   

991454   983009   989578   

980459   

975592   

985643   984094   

984039   

977164   

971930   

984170   

986526   

980996   

970664   982921   983471   

975592   

971586   

980843   

981191   982021   

980459   

982597   

970585   986526   

989939   989585   

984176   

984851   

986533   

984516   

993218   

988967   988961   

988494   987460   988080   

988508   

985094   

989215   

921036   

982706   

989066   

956882   

989206   

983697   

981544   982735   

981307   981849   

984973   972136   

982644   

981987   

983888   

991486   

991643   

976140   

985592   

981930   

984977   

987396   

920981   

984892   

985716   

984188   

987969   

985233   

982450   982434   

988039   

981095   

984977   

981838   

988830   987995   988829   

981784   

983256   

984962   

989230   

985229   

991532   

989929   989937   

980459   

982629   982229   980571   981664   980570   977219   980572   982462   976140   

981264   

991942   

991574   

983296   

986526   

986862   

988431   

980459   

984977   

991845   991078   

981364   983764   

986048   

991637   921441   

980144   

986243   981044   

985799   

986526   985233   

983445   983444   986159   983569   983441   

976107   980286   

980674   

988700   

980513   

992260   989051   992279   989800   988860   

981893   981892   

981404   976140   983032   

975592   982275   984987   

981364   

982234   981364   

981095   

980274   

980459   

984467   

984082   

981838   

983471   982597   983305   983125   

975592   

982431   980209   

992220   989394   

982626   

982296   

991160   988784   

982713   

983040   

986681   

988709   986682   

985883   

986758   

985009   984105   

991940   989667   

981838   

987354   

976096   

984473   

992350   

981044   

971586   

982231   

988379   

988426   989233   

985843   

991256   

985326   

991205   

991688   

980459   

989892   

978132   

982313   982676   

986366   988420   

985747   985885   984910   

984402   986214   

981664   

988080   

985747   985460   984513   983619   

987775   

981586   

983144   984750   984749   

986243   986224   

974446   980081   981144   

980459   

982949   

988508   

987157   

987992   991185   984974   984977   

983575   

981849   

982756   

988168   985358   

983369   982597   981602   981604   981603   983292   

980393   

989354   

986082   

981785   984034   

984438   

986074   988148   986682   

988168   987775   991205   985781   

988832   986824   988833   984427   981297   987545   985344   

970664   

987738   987736   986527   

988017   

989512   

989862   989649   

986533   

989853   

983076   

984618   

981859   

988393   986870   

983468   982709   

988967   987556   921094   985845   

983299   

984055   

981891   

982563   

991619   

970585   982994   982900   

976812   

986163   

985747   

983019   

985439   

992230   991235   992220   

981849   

986848   

987668   991284   987993   

980208   980209   982431   

984082   

976045   

988459   986018   

982819   

982713   

987610   986985   

991981   

987880   

920647   

986589   985817   

984974   

984962   

986824   

977402   982752   982762   980170   982731   982641   

983141   

985706   970664   984462   983978   985606   985758   

987489   

983159   

981364   

976284   

989038   

982047   

987456   988392   988830   987849   988411   988829   

921036   

984977   

989341   

976495   

987307   

980374   

988598   

986533   

982503   

989449   

985918   

977402   

982766   

985007   984188   984632   

991577   

970664   985266   983828   

988305   

984334   976284   980438   976107   984462   

987863   

986074   

988886   988805   988616   

981515   981512   

920970   

981364   

984910   986083   

983686   983692   

983764   

981124   

983048   

982706   

980274   991619   989578   989580   

982697   

989226   985863   988649   

986957   

982697   

986526   

989404   

987057   984602   

985405   985365   985404   

970585   

991321   

973487   

981658   983503   

981364   

983978   986469   

986641   987862   985976   987393   988051   

986870   

921036   

985094   984039   984508   

984541   

970585   

989298   

983482   

991819   986533   

981042   

977402   

985636   

987905   

984756   984488   

984473   

975437   972897   

986682   985781   991643   

983369   

988709   

984275   

984082   984419   

981244   

981962   

986822   

987464   

982731   982732   

981278   

981784   

980459   

981364   982746   982745   

981849   

985233   

982732   

985225   

992262   

983175   

985994   

992221   

977467   

980459   

983303   

983293   

982864   

985445   985356   

956882   

982517   

982985   

982775   988853   921721   988589   989580   989578   

981805   

981838   983359   

984125   

983424   982723   984347   

982697   978633   

989133   

983620   

986214   

982706   

987884   

991900   

985233   

987884   

981664   

985409   

987880   988851   987610   

920923   

983305   

985364   984982   

982650   

985863   

982592   

987194   991475   

989393   

985093   

984973   

975592   

983007   983614   

988133   

981603   981605   981515   982706   

991589   993298   

987942   

988700   

983687   984176   

991209   989859   

978298   

970664   986256   981144   984094   987157   981930   985402   

986713   

984039   

983503   

986169   985747   

983519   985701   

984034   974718   988320   

987662   991752   

980128   980687   

991611   

984982   

983864   983091   981304   983716   

986162   983378   

983760   

987807   

984632   

983397   

982523   

983590   

984082   

989393   989404   988940   986526   

984176   

981655   

976096   

970585   

986164   

982746   

983441   

952913   

984082   

985665   

987993   987992   986018   

981143   

985256   985799   

987194   

984625   

992283   

984347   

985233   

988020   991108   986988   

983619   

980843   984972   

988404   

983956   

983141   983364   

921488   

980374   984526   982713   975483   

988557   989327   

986633   

986485   

983782   

982895   

982731   982732   

983652   983764   

983311   

989825   

989161   988126   985178   

989763   

981838   

986018   

992806   992339   992389   989658   

989820   989352   989661   

984861   

982611   

984082   

985643   

984883   

988142   

988291   

988721   985817   981044   984094   986558   

978206   

983611   

986682   

985636   

982706   981658   980286   

987807   986876   

989585   989939   

986876   

984987   984188   984214   982921   

981787   982283   981665   

991620   

984287   

988183   

921036   984656   984933   

981547   981544   

982427   980947   981849   

987389   

978657   921076   984334   981404   

972897   

989301   

983048   

989420   989411   

985818   

987775   991106   991046   991243   

984594   

981499   

984275   

988717   

980459   

984402   

984215   

977402   

986822   

985781   

986870   985781   

982775   

981044   981043   

982985   

980393   982389   982470   

986656   

982275   

980459   

989420   

980459   

988700   

981931   

991940   

972797   

982486   

984189   983440   984925   

977791   984039   

982595   

983424   

986687   986269   

988722   988168   

984839   926990   

983378   

991108   

982639   

981057   985364   

987478   988118   972972   988047   987057   986876   988243   983358   988592   921093   981296   

985093   

991609   

986633   

984791   

986526   

982900   983135   

985093   984254   

982434   

984508   

987157   991516   

982640   

982597   

982316   

983661   

989054   

982459   983754   

983307   981930   

989234   

981838   

986862   

982397   

980550   974718   984034   

974278   984367   974280   977791   

987558   987252   

984275   

988886   

981404   

985493   985781   

982954   956882   

984478   

984902   984094   

980374   975036   

984133   

988168   

985519   

986996   

983454   

986633   

982523   

988243   986986   987282   986876   

982176   

976140   

984141   

980432   

980286   

987628   989763   

984987   

989637   

988048   978656   

921036   

980393   

975767   

991234   

984094   984082   

982205   

984275   

987194   

971800   

991329   

984188   

983304   

982597   

984094   

989145   

982487   

991611   

984758   

981515   

980274   

985358   

983995   

991296   

970585   

977311   980459   981304   

991225   

984797   984602   982523   

987873   

984679   

983046   983125   983054   

985254   984596   

989939   

983048   

970585   

982885   

988234   988233   988230   988224   988229   

982657   

984082   

987157   990182   

991447   

985799   

989151   

986753   986757   

983048   975592   

988746   

989731   975881   

989612   

983292   

984230   

991389   

988820   

987023   

982278   982374   

981787   983122   

982697   

985920   

975982   

982669   

991484   

987484   987173   

984082   

970161   

982934   

983840   

982229   

981095   981096   

982260   981535   

983149   

976107   981961   

981096   

983378   

989430   991624   

981364   

984082   

986837   

982713   

985301   984889   

984541   983149   985749   

991589   991486   

983978   

982713   

984082   

982234   

984630   

993068   

982641   972346   972340   

989912   

980545   981804   

981930   

988950   

987056   

986667   

991219   

989829   

984082   

982083   

984158   986557   

984881   

987479   

981602   981604   981603   

975612   975592   

984082   

983085   

984141   

986243   

921076   

984082   

986164   

981535   

988243   986876   985256   986157   

981849   989829   989763   988168   

984632   

983362   

988048   

986667   

986862   981124   

991589   

988700   

982675   

985364   

983142   

988856   

982577   982561   982434   

983060   

981304   983151   

983400   

991592   

985404   

988715   

980117   

988967   991149   986996   

982934   

983292   

989434   987913   

986685   

982345   984170   

985868   988820   

981043   

988530   

987573   986589   988312   

988459   

981298   986028   

980459   

981404   

985093   

977002   977003   

986757   

984082   

986797   

983012   

991592   

980459   

990050   

970585   

981359   981361   

982117   982083   

986682   

981930   987760   

985519   986527   

987834   987847   984141   

981210   982281   971800   

983661   

989862   

982945   982876   

991250   991149   

981930   975592   

986719   

989401   988472   989392   988709   981605   

984170   

987905   

988075   

984176   

989567   989234   

984966   

982231   

983151   

976350   

985232   

982743   982518   

983303   

984987   984094   984960   

988097   

956882   982954   

985256   988243   986876   

975592   

984330   

987801   

983130   

983783   

983611   

986558   

981513   981515   

984094   

960928   

986526   

981786   

984082   

985093   

985944   

986719   984427   988950   991507   

988168   

986700   989578   988164   989580   

982657   

991236   

982083   982117   

988784   

983342   

980432   

982921   

982185   

991940   

984583   

987532   

984872   

984082   

983664   983635   

991236   

988427   

982506   981859   

992494   

985454   

982697   

975592   

920981   

984178   

984082   

981278   976045   982234   976044   982578   

987367   

987197   

980459   983590   

985636   

981329   

987464   

991088   989782   

991819   

986786   

977002   

983122   985356   984972   

982985   

989763   991185   

980138   983268   982975   

980998   981190   

987545   

988191   981837   985817   

984094   982523   981124   

989612   

987361   

989352   

989596   

984039   

984480   984094   982653   

991170   

983471   985364   

978206   

982626   

984083   

982083   982117   

980459   

987366   989394   

983187   

984082   

976284   

986682   

986003   

983503   

989939   

984358   984962   983218   

984977   

982713   

974436   

989161   

983404   

984082   

921383   982610   

983151   

970664   987807   

982275   

960928   

990091   989937   989929   

984623   

982217   

971586   

986526   

984082   984215   

983619   

984141   

988126   984508   987863   991520   

991620   

986224   986243   

984247   984367   

989392   

985842   

984034   

956882   975380   

987880   

983454   

981124   

991448   

982453   

992451   992494   992447   

975592   975612   

971866   

983424   

984034   

984486   984475   

985795   

985717   

981179   

980393   983122   976107   984094   982731   982732   

982619   

988805   987993   987996   

981837   991442   

976284   

981366   982741   980691   

983292   

988243   986870   988066   

984679   

982515   

986797   

980393   

976140   

983511   

991940   

982492   

983468   980674   

986606   

983292   

982778   

984519   982738   984248   

992262   

970664   

987367   

981042   

991911   987775   

989897   991611   991942   986526   

985266   

987893   981042   984741   

984175   

985868   981298   

984601   

984082   

971586   

984287   

986535   

988784   

984977   

983890   

992342   

986452   

986243   

984082   

989393   

989434   988039   

983149   

984176   

982706   

987884   

987799   988039   

980393   

982713   

983359   

987628   

987310   

985063   985380   983378   986113   985276   985270   

989401   

984094   986996   

983619   

991721   991409   

986713   

987237   

984973   

984082   

987307   

986996   

977467   

980459   

985007   

982595   

981043   

992525   

983302   

988016   

975937   

987456   

970664   974718   984034   

975592   989763   992213   

982735   982738   

982117   982083   

982431   

981143   

989648   991353   

982387   

980393   

981042   

986685   

984756   

982597   983293   

985404   982228   

982078   

984055   

983424   

982823   

982503   984516   984762   

973487   

986870   

985799   985256   

987863   

989038   

982306   973487   

991353   

987627   

988700   

992283   

982309   

983754   976140   983218   982670   

984977   

988829   988830   987456   

985233   

983691   

982987   

987398   

984851   

983154   

991205   988119   

991806   

986682   

971930   

987857   

985174   

984698   

988229   988234   988230   

984645   982640   

976800   980170   981800   

986620   921441   

982561   

988557   

987775   986957   

987611   

978211   

986754   984977   984159   

984082   

989026   

981804   

985606   

984299   981849   982640   

984473   982921   986719   

987893   

984604   

983653   982779   920649   

983559   

974681   974934   

988832   

988128   

984082   981143   

992258   

984094   

976140   

984325   

982640   

985093   

984962   

920190   

991373   

983501   

981604   981602   

984275   

983935   983851   

983695   

980393   

976284   

988557   984989   986870   

986816   

984759   

920946   982928   

984992   

986527   

982176   

983956   

983840   

985812   

981786   

987456   986082   

989121   

984178   984630   983303   

983729   

982938   970664   

982517   

981404   

989529   

989763   984508   

982228   

982153   

982697   

982676   982154   

985356   984508   

989161   985178   986297   988817   

986817   

975592   

988444   

986516   

988305   

982864   

984596   

987818   

981777   

983899   

980374   

984977   986780   

989352   

980459   

989892   

989588   

989665   

984082   985256   

989003   987994   

975379   

981838   

985266   

982954   982640   

991547   991098   972797   

984094   

989230   

984082   

991531   987347   

983440   982641   

984155   

984320   

988168   

982914   

976553   

980129   

985063   

983962   

981978   

970275   985007   

987577   984977   

983032   984152   

981296   981277   982885   

981602   981604   981603   

981838   983149   983152   

988508   

970585   

986689   

975612   975592   

983357   

983001   981124   

920916   

985233   

981849   987994   

986777   

982522   972136   

983764   

992048   

991942   

984105   

983577   

989621   

987942   987738   987736   

985868   986719   987628   

986533   

product_no   

987854   

989381   

976045   

988988   988987   989510   

981161   

991491   

985358   

991913   

985863   

988161   

986162   970585   

988224   

981364   

989434   

987738   983149   984541   988265   985749   

991606   

987799   

984982   985007   

989937   989929   

988805   

991901   991341   991516   

985693   

986870   987995   987464   987992   

984640   

983153   

989367   986796   984924   

989911   

989888   985093   

983590   

987561   

982234   975592   980459   975612   955803   978206   

988833   988832   

988445   

982234   

987396   988820   

986112   

989567   989465   988075   

983048   

984289   

982369   

987394   

977402   

986527   

984698   

983362   

987993   985781   

980843   

988465   

985737   

975491   

988805   988709   989403   

985093   

982229   983370   

986134   

987396   

987173   982713   987157   

980947   

982737   984248   

986797   988019   983700   

984390   

981364   982626   

989665   981837   

987863   986996   

984440   985781   

993042   

987546   

986996   988291   

984188   

975592   

984254   984299   983266   982856   

981786   

988224   985221   988784   

981304   981364   

981298   981930   984397   983305   981304   

991267   

984490   

983774   

986656   991514   

988126   

988832   988833   

986786   

982657   

984324   

986028   

981222   982564   

973487   

989556   

970585   

984214   

984189   

983364   

984618   

984082   

989599   

988461   

982143   

987610   

983362   

985205   985276   984793   985203   984094   

981019   970773   

984066   981298   

984176   

984115   

988004   

986757   

984630   

983318   

920995   

980459   977311   

982313   

971866   974280   

984170   

991256   991611   

982456   981366   

989392   

983367   

983559   

985364   

984594   983764   

987302   

985268   

983025   

982864   984860   

985781   

978134   

980459   987818   987884   977311   989341   

982895   

982582   

985409   

984977   

985336   

983218   981305   

983764   

984924   981859   

986719   

991835   991020   991817   991175   991878   991831   988599   

982780   

985080   

988066   

983019   

986682   

988687   

981404   

921027   

983646   982477   

989265   989022   986224   989268   989267   989059   

970585   

988833   988616   988832   

982459   

989862   989763   

986753   986757   

982900   

988988   

989355   

987662   988829   

984473   

921417   

984094   

984423   984034   976284   976107   

982570   982442   

980144   

987307   

921908   

982650   

988784   988079   

986786   987367   984962   

984977   

988305   

987746   986837   976140   971930   987393   

