982876 <- 982945 (2, 100)
982945 <- 982876 (2, 100)
989939 <- 989585 (2, 100)
988420 <- 986366 (2, 100)
982278 <- 982374 (2, 100)
982374 <- 982278 (2, 100)
986757 <- 986753 (2, 100)
982431 <- 980209 (2, 100)
956882 <- 975380 (2, 100)
985404 <- 985405 (2, 100)
989937 <- 989929 (3, 100)
989929 <- 989937 (3, 100)
987738 <- 987736 (3, 100)
988230 <- 988234 (2, 100)
988234 <- 988230 (2, 100)
988229 <- 988234 (2, 100)
988234 <- 988229 (2, 100)
988229 <- 988230 (2, 100)
988230 <- 988229 (2, 100)
982083 <- 982117 (4, 100)
982117 <- 982083 (5, 80)
984541 <- 985749 (2, 100)
983149 <- 985749 (2, 100)
989161 <- 985178 (3, 100)
984034 <- 974718 (3, 100)
980459 <- 977311 (4, 100)
988829 <- 988830 (3, 100)
988832 <- 988833 (4, 100)
988833 <- 988832 (5, 80)
981602 <- 981604 (4, 100)
981604 <- 981602 (4, 100)
975592 <- 975612 (5, 100)
989578 <- 989580 (4, 100)
989580 <- 989578 (5, 80)
986876 <- 988243 (5, 80)
988229 <- 988234 988230 (2, 100)
988230 <- 988234 988229 (2, 100)
988234 <- 988230 988229 (2, 100)
983149 <- 985749 984541 (2, 100)
984541 <- 985749 983149 (2, 100)
985749 <- 984541 983149 (2, 100)
988829 <- 987456 988830 (2, 100)
988830 <- 987456 988829 (2, 100)
981602 <- 981604 981603 (3, 100)
981604 <- 981602 981603 (3, 100)
988243 <- 985256 986876 (2, 100)
986876 <- 985256 988243 (2, 100)
