975483 
975483 
980674 
980393 
983122 
976107 
984094 
982731 
980393 
976107 
982732 
983122 
982611 
988700 
982217 
988700 
983764 
987662 
988829 
982657 
987627 
985920 
986757 
970585 
984289 
982228 
988700 
975483 975483 
980674 
980393 983122 976107 984094 982731 980393 976107 982732 983122 
982611 
988700 
982217 
988700 
983764 
987662 988829 
982657 
987627 
985920 
986757 
970585 
984289 
982228 
988700 
975483 975483 
980674 
980393 983122 976107 984094 982731 980393 976107 982732 983122 
982611 
988700 
982217 
988700 
983764 
987662 988829 
982657 
987627 
985920 
986757 
970585 
984289 
982228 
988700 
975483 975483 
980674 
980393 983122 976107 984094 982731 980393 976107 982732 983122 
986757 
988700 
988700 
983764 
982657 
987627 
985920 
984289 
982228 
988700 
975483 975483 
980674 
980393 983122 976107 984094 982731 980393 976107 982732 983122 
986757 
988700 
988700 
983764 
982657 
987627 
985920 
984289 
982228 
988700 
