984082 
984977 
987905 
982434 
983619 
977164 
982985 
987880 
983292 
982746 
982737 
984248 
988427 
984987 
985256 
985799 
989862 
989763 
985868 
986719 
987628 
980459 
981930 
975592 
984977 
986719 
986719 
984330 
986526 
987807 
984082 
984977 
987905 
982434 
983619 
977164 
982985 
987880 
983292 
982746 
982737 984248 
988427 
984987 
985256 985799 
989862 989763 
985868 986719 987628 
980459 
981930 975592 
984977 
986719 986719 
984330 
986526 
987807 
984082 
984977 
987905 
982434 
983619 
977164 
982985 
987880 
983292 
982746 
982737 984248 
988427 
984987 
985256 985799 
989862 989763 
985868 986719 987628 
980459 
981930 975592 
984977 
986719 986719 
984330 
986526 
987807 
989862 989763 
983619 
985868 986719 987628 
980459 
987905 
981930 975592 
986719 986719 
982985 
984330 
983292 
982746 
987807 
977164 
982737 984248 
989862 989763 
983619 
985868 986719 987628 
980459 
987905 
981930 975592 
986719 986719 
982985 
984330 
983292 
982746 
987807 
977164 
982737 984248 
