987993 985781 
983783 
982938 970664 982938 
985254 985254 984596 
991940 
978206 
987854 
992283 
985174 
983661 
991643 
991329 
988179 
986558 
988305 
988709 
991607 
982756 
982914 
982640 
984601 
983032 
983293 
986589 988820 
985364 
989392 
921036 984656 984933 
991447 
986862 
984973 
983978 983978 986469 
982234 
983760 983760 
988709 986682 
992283 
987310 
988832 988833 
983454 
989637 
985944 
981838 
983048 
977467 
986682 
985093 
983840 
988243 986986 987282 986876 
983482 
982895 
986526 
984973 972136 
972797 
982644 
988431 
992262 
971586 
985093 
984189 983440 984925 
983636 
987993 985781 
983783 
982938 970664 982938 
985254 985254 984596 
991940 
978206 
987854 
992283 
985174 
983661 
991643 
991329 
988179 
986558 
988305 
988709 
991607 
982756 
982914 
982640 
984601 
983032 
983293 
986589 988820 
985364 
989392 
921036 984656 984933 
991447 
986862 
984973 
983978 983978 986469 
982234 
983760 983760 
988709 986682 
992283 
987310 
988832 988833 
983454 
989637 
985944 
981838 
983048 
977467 
986682 
985093 
983840 
988243 986986 987282 986876 
983482 
982895 
986526 
984973 972136 
972797 
982644 
988431 
992262 
971586 
985093 
984189 983440 984925 
983636 
