983048 
975612 
975592 
981404 
976140 
981404 
983032 
982938 
970664 
982938 
984215 
987854 
991620 
991329 
986558 
985643 
984094 
982517 
988709 
988709 
986682 
985781 
982431 
989392 
985842 
991611 
960928 
988967 
991149 
986996 
988967 
981019 
970773 
983441 
970664 
982921 
982921 
983471 
952913 
981515 
983416 
980274 
989637 
985944 
984756 
981143 
984630 
984083 
988856 
988856 
984797 
984602 
982523 
980432 
972797 
988444 
992283 
985717 
982921 
986589 
988820 
984189 
983440 
984925 
991250 
991149 
985254 
985254 
984596 
991940 
990050 
986518 
986214 
985994 
989939 
988445 
983040 
980843 
984972 
980843 
983032 
983293 
986526 
985364 
981364 
982234 
986656 
991514 
988967 
988961 
985093 
988950 
984594 
983764 
989892 
991447 
983292 
983292 
988700 
982229 
983370 
986753 
986753 
986757 
984082 
992283 
983151 
981838 
991256 
981805 
982697 
983048 
980374 
980374 
984526 
982713 
980374 
975483 
980374 
980374 
984508 
981515 
981512 
920981 
953403 
953403 
981078 
981795 
981307 
981307 
981849 
982895 
981298 
986028 
988291 
984973 
972136 
980286 
976573 
975982 
982644 
992262 
971586 
985093 
983440 
982641 
985918 
987993 
985781 
981931 
985364 
985364 
985364 
983661 
991643 
987857 
988179 
983125 
982780 
983454 
983454 
983125 
980393 
983206 
983125 
985174 
988229 
988234 
988230 
985093 
984082 
982914 
984601 
981838 
985747 
985885 
984910 
985093 
985326 
991321 
987775 
987775 
987775 
986957 
987775 
980129 
983307 
981930 
983019 
986682 
981838 
986862 
982397 
986243 
985875 
984034 
986243 
986243 
985860 
985312 
986243 
983760 
983760 
974278 
974278 
984367 
974280 
977791 
974280 
986682 
983454 
985747 
985460 
984513 
983619 
986533 
987775 
987775 
987775 
987775 
991589 
985404 
985405 
983956 
987893 
985439 
980374 
975036 
975036 
988459 
984541 
983149 
985749 
991589 
991486 
991589 
984977 
980459 
988508 
988305 
988075 
978206 
991574 
987310 
988168 
983783 
988305 
982234 
991607 
982756 
982640 
988431 
987942 
982442 
988168 
985358 
983445 
983444 
986159 
983569 
983441 
978298 
991620 
983501 
981298 
981930 
981930 
984397 
983305 
981304 
921036 
984656 
984933 
921908 
984275 
984275 
984973 
983978 
983978 
986469 
987389 
986641 
987862 
985976 
987393 
988051 
987393 
921383 
982610 
982610 
985093 
988832 
988833 
987662 
991752 
988557 
984989 
986870 
991491 
984759 
977467 
991209 
989859 
980128 
980687 
983577 
983956 
983840 
987738 
987736 
986527 
988243 
986986 
987282 
986876 
983482 
983149 
985790 
989862 
989649 
983302 
983636 
985717 
983369 
982597 
981602 
981604 
981604 
981604 
981603 
981602 
981604 
981603 
983292 
983292 
983292 
982205 
982650 
987479 
985093 
984254 
920190 
983048 
975612 975592 
981404 976140 981404 983032 
982938 970664 982938 
984215 
987854 
991620 
991329 
986558 
985643 984094 
982517 
988709 
988709 986682 
985781 
982431 
989392 
985842 
991611 
960928 
988967 991149 986996 988967 
981019 970773 
983441 
970664 982921 982921 983471 
952913 
981515 
983416 
980274 
989637 
985944 
984756 
981143 
984630 
984083 
988856 988856 
984797 984602 982523 
980432 
972797 
988444 
992283 
985717 
982921 
986589 988820 
984189 983440 984925 
991250 991149 
985254 985254 984596 
991940 
990050 
986518 
986214 
985994 
989939 
988445 
983040 
980843 984972 980843 
983032 
983293 
986526 
985364 
981364 
982234 
986656 991514 
988967 988961 
985093 
988950 
984594 983764 
989892 
991447 
983292 983292 
988700 
982229 983370 
986753 986753 986757 
984082 
992283 
983151 
981838 
991256 
981805 
982697 
983048 
980374 980374 984526 982713 980374 975483 980374 980374 
984508 
981515 981512 
920981 
953403 953403 981078 981795 
981307 981307 981849 
982895 
981298 986028 
988291 
984973 972136 
980286 976573 975982 
982644 
992262 
971586 
985093 
983440 982641 
985918 
987993 985781 
981931 985364 985364 985364 
983661 
991643 
987857 
988179 
983125 982780 983454 983454 983125 980393 983206 983125 
985174 
988229 988234 988230 
985093 
984082 
982914 
984601 
981838 
985747 985885 984910 
985093 
985326 
991321 
987775 987775 987775 986957 987775 
980129 
983307 981930 
983019 
986682 
981838 
986862 
982397 
986243 985875 984034 986243 986243 985860 985312 986243 
983760 983760 
974278 974278 984367 974280 977791 974280 
986682 
983454 
985747 985460 984513 983619 
986533 
987775 987775 987775 987775 
991589 985404 985405 
983956 
987893 
985439 
980374 975036 975036 
988459 
984541 983149 985749 
991589 991486 991589 
984977 
980459 
988508 
988305 
988075 
978206 
991574 
987310 
988168 
983783 
988305 
982234 
991607 
982756 
982640 
988431 
987942 
982442 
988168 985358 
983445 983444 986159 983569 983441 
978298 
991620 
983501 
981298 981930 981930 984397 983305 981304 
921036 984656 984933 
921908 
984275 984275 
984973 
983978 983978 986469 
987389 
986641 987862 985976 987393 988051 987393 
921383 982610 982610 
985093 
988832 988833 
987662 991752 
988557 984989 986870 
991491 
984759 
977467 
991209 989859 
980128 980687 
983577 
983956 
983840 
987738 987736 986527 
988243 986986 987282 986876 
983482 
983149 985790 
989862 989649 
983302 
983636 
985717 
983369 982597 981602 981604 981604 981604 981603 981602 981604 981603 983292 983292 983292 
982205 
982650 
987479 
985093 984254 
920190 
983048 
975612 975592 
981404 976140 981404 983032 
982938 970664 982938 
984215 
987854 
991620 
991329 
986558 
985643 984094 
982517 
988709 
988709 986682 
985781 
982431 
989392 
985842 
991611 
960928 
988967 991149 986996 988967 
981019 970773 
983441 
970664 982921 982921 983471 
952913 
981515 
983416 
980274 
989637 
985944 
984756 
981143 
984630 
984083 
988856 988856 
984797 984602 982523 
980432 
972797 
988444 
992283 
985717 
982921 
986589 988820 
984189 983440 984925 
991250 991149 
985254 985254 984596 
991940 
990050 
986518 
986214 
985994 
989939 
988445 
983040 
980843 984972 980843 
983032 
983293 
986526 
985364 
981364 
982234 
986656 991514 
988967 988961 
985093 
988950 
984594 983764 
989892 
991447 
983292 983292 
988700 
982229 983370 
986753 986753 986757 
984082 
992283 
983151 
981838 
991256 
981805 
982697 
983048 
980374 980374 984526 982713 980374 975483 980374 980374 
984508 
981515 981512 
920981 
953403 953403 981078 981795 
981307 981307 981849 
982895 
981298 986028 
988291 
984973 972136 
980286 976573 975982 
982644 
992262 
971586 
985093 
983440 982641 
985918 
987993 985781 
981931 985364 985364 985364 
983661 
991643 
987857 
988179 
983125 982780 983454 983454 983125 980393 983206 983125 
985174 
988229 988234 988230 
985093 
984082 
982914 
984601 
981838 
985747 985885 984910 
985093 
985326 
991321 
987775 987775 987775 986957 987775 
980129 
983307 981930 
983019 
986682 
981838 
986862 
982397 
986243 985875 984034 986243 986243 985860 985312 986243 
983760 983760 
974278 974278 984367 974280 977791 974280 
986682 
983454 
985747 985460 984513 983619 
986533 
987775 987775 987775 987775 
991589 985404 985405 
983956 
987893 
985439 
980374 975036 975036 
988459 
984541 983149 985749 
991589 991486 991589 
984977 
980459 
988508 
988305 
988075 
978206 
991574 
987310 
988168 
983783 
988305 
982234 
991607 
982756 
982640 
988431 
987942 
982442 
988168 985358 
983445 983444 986159 983569 983441 
978298 
991620 
983501 
981298 981930 981930 984397 983305 981304 
921036 984656 984933 
921908 
984275 984275 
984973 
983978 983978 986469 
987389 
986641 987862 985976 987393 988051 987393 
921383 982610 982610 
985093 
988832 988833 
987662 991752 
988557 984989 986870 
991491 
984759 
977467 
991209 989859 
980128 980687 
983577 
983956 
983840 
987738 987736 986527 
988243 986986 987282 986876 
983482 
983149 985790 
989862 989649 
983302 
983636 
985717 
983369 982597 981602 981604 981604 981604 981603 981602 981604 981603 983292 983292 983292 
982205 
982650 
987479 
985093 984254 
920190 
983048 
975612 975592 
981404 976140 981404 983032 
984215 
991620 
985643 984094 
982517 
985781 
982431 
985842 
991611 
960928 
988967 991149 986996 988967 
981019 970773 
983441 
970664 982921 982921 983471 
952913 
981515 
983416 
980274 
985093 
984756 
981143 
984630 
984083 
988856 988856 
984797 984602 982523 
980432 
988444 
985717 
982921 
991250 991149 
990050 
986518 
988305 
985994 
989939 
983040 
980843 984972 980843 
981364 
982234 
986656 991514 
988967 988961 
985093 
988950 
984594 983764 
989892 
988445 
983292 983292 
988700 
986753 986753 986757 
984082 
983151 
981805 
982697 
980374 980374 984526 982713 980374 975483 980374 980374 
984508 
981515 981512 
920981 
953403 953403 981078 981795 
981307 981307 981849 
985093 984254 
981298 986028 
988291 
980286 976573 975982 
983440 982641 
985918 
981931 985364 985364 985364 
987857 
983125 982780 983454 983454 983125 980393 983206 983125 
986214 
988229 988234 988230 
985093 
984082 
982229 983370 
981838 
985326 
991321 
987775 987775 987775 986957 987775 
980129 
983307 981930 
983019 
986682 
981838 
985747 985885 984910 
982397 
986243 985875 984034 986243 986243 985860 985312 986243 
974278 974278 984367 974280 977791 974280 
991491 
985747 985460 984513 983619 
986533 
987775 987775 987775 987775 
991589 985404 985405 
983956 
987893 
985439 
980374 975036 975036 
988459 
984541 983149 985749 
991589 991486 991589 
984977 
980459 
988508 
988075 
991574 
988168 
987942 
982442 
988168 985358 
983445 983444 986159 983569 983441 
978298 
991620 
983501 
981298 981930 981930 984397 983305 981304 
921908 
984275 984275 
987389 
986641 987862 985976 987393 988051 987393 
921383 982610 982610 
991256 
987662 991752 
988557 984989 986870 
984759 
980128 980687 
983577 
983956 
987738 987736 986527 
991209 989859 
983149 985790 
989862 989649 
983302 
985717 
983369 982597 981602 981604 981604 981604 981603 981602 981604 981603 983292 983292 983292 
982205 
982650 
987479 
920190 
983048 
975612 975592 
981404 976140 981404 983032 
984215 
991620 
985643 984094 
982517 
985781 
982431 
985842 
991611 
960928 
988967 991149 986996 988967 
981019 970773 
983441 
970664 982921 982921 983471 
952913 
981515 
983416 
980274 
985093 
984756 
981143 
984630 
984083 
988856 988856 
984797 984602 982523 
980432 
988444 
985717 
982921 
991250 991149 
990050 
986518 
988305 
985994 
989939 
983040 
980843 984972 980843 
981364 
982234 
986656 991514 
988967 988961 
985093 
988950 
984594 983764 
989892 
988445 
983292 983292 
988700 
986753 986753 986757 
984082 
983151 
981805 
982697 
980374 980374 984526 982713 980374 975483 980374 980374 
984508 
981515 981512 
920981 
953403 953403 981078 981795 
981307 981307 981849 
985093 984254 
981298 986028 
988291 
980286 976573 975982 
983440 982641 
985918 
981931 985364 985364 985364 
987857 
983125 982780 983454 983454 983125 980393 983206 983125 
986214 
988229 988234 988230 
985093 
984082 
982229 983370 
981838 
985326 
991321 
987775 987775 987775 986957 987775 
980129 
983307 981930 
983019 
986682 
981838 
985747 985885 984910 
982397 
986243 985875 984034 986243 986243 985860 985312 986243 
974278 974278 984367 974280 977791 974280 
991491 
985747 985460 984513 983619 
986533 
987775 987775 987775 987775 
991589 985404 985405 
983956 
987893 
985439 
980374 975036 975036 
988459 
984541 983149 985749 
991589 991486 991589 
984977 
980459 
988508 
988075 
991574 
988168 
987942 
982442 
988168 985358 
983445 983444 986159 983569 983441 
978298 
991620 
983501 
981298 981930 981930 984397 983305 981304 
921908 
984275 984275 
987389 
986641 987862 985976 987393 988051 987393 
921383 982610 982610 
991256 
987662 991752 
988557 984989 986870 
984759 
980128 980687 
983577 
983956 
987738 987736 986527 
991209 989859 
983149 985790 
989862 989649 
983302 
985717 
983369 982597 981602 981604 981604 981604 981603 981602 981604 981603 983292 983292 983292 
982205 
982650 
987479 
920190 
