988465 
971866 
971866 
974280 
983653 
982153 
991835 
991020 
991817 
991175 
991878 
991831 
988599 
988097 
975592 
983471 
983471 
982597 
983305 
983125 
987464 
976284 
976284 
981364 
983764 
987573 
986589 
988312 
983149 
981222 
982564 
982564 
980144 
986797 
976800 
983149 
981364 
982626 
983424 
982723 
984347 
986533 
981838 
983149 
983152 
983503 
984347 
980550 
974718 
984034 
988465 
971866 971866 974280 
983653 
982153 
991835 991020 991817 991175 991878 991831 988599 
988097 
975592 
983471 983471 982597 983305 983125 
987464 
976284 976284 
981364 983764 
987573 986589 988312 
983149 
981222 982564 982564 
980144 
986797 
976800 
983149 
981364 982626 
983424 982723 984347 
986533 
981838 983149 983152 
983503 
984347 
980550 974718 984034 
988465 
971866 971866 974280 
983653 
982153 
991835 991020 991817 991175 991878 991831 988599 
988097 
975592 
983471 983471 982597 983305 983125 
987464 
976284 976284 
981364 983764 
987573 986589 988312 
983149 
981222 982564 982564 
980144 
986797 
976800 
983149 
981364 982626 
983424 982723 984347 
986533 
981838 983149 983152 
983503 
984347 
980550 974718 984034 
988465 
971866 971866 974280 
983653 
982153 
988097 
975592 
983471 983471 982597 983305 983125 
987464 
976284 976284 
983149 
981222 982564 982564 
980144 
986797 
976800 
983149 
981364 982626 
983424 982723 984347 
986533 
981838 983149 983152 
983503 
984347 
980550 974718 984034 
988465 
971866 971866 974280 
983653 
982153 
988097 
975592 
983471 983471 982597 983305 983125 
987464 
976284 976284 
983149 
981222 982564 982564 
980144 
986797 
976800 
983149 
981364 982626 
983424 982723 984347 
986533 
981838 983149 983152 
983503 
984347 
980550 974718 984034 
