981785 
984034 
984034 
981191 
981191 
982021 
983142 
971586 
971586 
971586 
975437 
975437 
972897 
986474 
982713 
980996 
980996 
991256 
991611 
982275 
980459 
977311 
981785 984034 984034 
981191 981191 982021 
983142 
971586 971586 971586 
975437 975437 972897 
986474 
982713 
980996 980996 
991256 991611 
982275 
980459 977311 
981785 984034 984034 
981191 981191 982021 
983142 
971586 971586 971586 
975437 975437 972897 
986474 
982713 
980996 980996 
991256 991611 
982275 
980459 977311 
981785 984034 984034 
983142 
971586 971586 971586 
991256 991611 
982713 
982275 
981785 984034 984034 
983142 
971586 971586 971586 
991256 991611 
982713 
982275 
