991454 983009 991454 989578 
983729 
986682 
984974 
987396 
984176 
983652 983764 
992262 
984632 
984966 
983590 983590 
984508 
981364 
988234 988233 988230 988224 988229 
984924 984924 981859 
985009 984105 
989393 
982229 
987478 988118 972972 988047 987057 986876 983358 988592 921093 981296 
987561 
984516 
986754 984977 
984176 
984082 
989637 
987456 988392 988830 987849 988411 988829 
986757 
989612 
991637 921441 991637 
981124 
986689 
987880 
984861 
988820 
987799 
984902 984094 
991547 991098 972797 
977002 977003 977003 
986162 983378 
988168 
982503 
991532 
920647 
980459 
982798 
991454 983009 991454 989578 
983729 
986682 
984974 
987396 
984176 
983652 983764 
992262 
984632 
984966 
983590 983590 
984508 
981364 
988234 988233 988230 988224 988229 
984924 984924 981859 
985009 984105 
989393 
982229 
987478 988118 972972 988047 987057 986876 983358 988592 921093 981296 
987561 
984516 
986754 984977 
984176 
984082 
989637 
987456 988392 988830 987849 988411 988829 
986757 
989612 
991637 921441 991637 
981124 
986689 
987880 
984861 
988820 
987799 
984902 984094 
991547 991098 972797 
977002 977003 977003 
986162 983378 
988168 
982503 
991532 
920647 
980459 
982798 
