983729 
984632 
983590 
983590 
981364 
988234 
988233 
988230 
988224 
988229 
984176 
989648 
991353 
981930 
981124 
984176 
987157 
987464 
986757 
984601 
987056 
987799 
988616 
987880 
991654 
989672 
991547 
991409 
985203 
991357 
984977 
985807 
920647 
991901 
991341 
991516 
984974 
983400 
984176 
992262 
982798 
984508 
984516 
991353 
991205 
985781 
991205 
985781 
985781 
985781 
985781 
985781 
991205 
988046 
987478 
988118 
972972 
988047 
987057 
986876 
983358 
988592 
921093 
981296 
987561 
987864 
989215 
982558 
982234 
982234 
982234 
989637 
987456 
988392 
988830 
987849 
988411 
988829 
989731 
975881 
975881 
989612 
921036 
982697 
983302 
987354 
982369 
988557 
989327 
982492 
984473 
986485 
988598 
991547 
991098 
972797 
986996 
988291 
987197 
982275 
982503 
986526 
977002 
977003 
977003 
986682 
985846 
985846 
985846 
983652 
983764 
986817 
991256 
984698 
984334 
976284 
980438 
976107 
976284 
984462 
984924 
984924 
981859 
985009 
984105 
982515 
982229 
984287 
984287 
987396 
920981 
985063 
985063 
988687 
988687 
988687 
988687 
986754 
984977 
989430 
991624 
989430 
988820 
988886 
989393 
981124 
984480 
984094 
982653 
984861 
991454 
983009 
991454 
989578 
978206 
984902 
984094 
986243 
986243 
986224 
988168 
991532 
989393 
986957 
982503 
984516 
984762 
987992 
991185 
984974 
984977 
982629 
982229 
981664 
980570 
977219 
980572 
982462 
976140 
982629 
980570 
980572 
983454 
985063 
985380 
983378 
986113 
985276 
985270 
984966 
986689 
976140 
989939 
984987 
984188 
984214 
982921 
920916 
985233 
984287 
984141 
981364 
986169 
985747 
984082 
981329 
991637 
921441 
991637 
983208 
983266 
978656 
978656 
988168 
987775 
988168 
991205 
985781 
987775 
991205 
985781 
980459 
989556 
980393 
985979 
976107 
976107 
980286 
987775 
991106 
991046 
991243 
991106 
986162 
983378 
984034 
974718 
988320 
980459 
975937 
983729 
984632 
983590 983590 
981364 
988234 988233 988230 988224 988229 
984176 
989648 991353 
981930 981124 
984176 
987157 
987464 
986757 
984601 
987056 
987799 
988616 
987880 
991654 989672 991547 991409 985203 991357 984977 985807 
920647 
991901 991341 991516 
984974 
983400 
984176 
992262 
982798 
984508 
984516 
991353 
991205 985781 991205 985781 985781 985781 985781 985781 991205 988046 
987478 988118 972972 988047 987057 986876 983358 988592 921093 981296 
987561 
987864 
989215 
982558 
982234 982234 982234 
989637 
987456 988392 988830 987849 988411 988829 
989731 975881 975881 
989612 
921036 
982697 
983302 
987354 
982369 
988557 989327 
982492 
984473 
986485 
988598 
991547 991098 972797 
986996 988291 
987197 
982275 
982503 
986526 
977002 977003 977003 
986682 
985846 985846 985846 
983652 983764 
986817 
991256 
984698 
984334 976284 980438 976107 976284 984462 
984924 984924 981859 
985009 984105 
982515 
982229 
984287 984287 
987396 
920981 
985063 985063 
988687 988687 988687 988687 
986754 984977 
989430 991624 989430 
988820 
988886 
989393 
981124 
984480 984094 982653 
984861 
991454 983009 991454 989578 
978206 
984902 984094 
986243 986243 986224 
988168 
991532 
989393 
986957 
982503 984516 984762 
987992 991185 984974 984977 
982629 982229 981664 980570 977219 980572 982462 976140 982629 980570 980572 
983454 
985063 985380 983378 986113 985276 985270 
984966 
986689 
976140 
989939 
984987 984188 984214 982921 
920916 
985233 
984287 
984141 
981364 
986169 985747 
984082 
981329 
991637 921441 991637 
983208 983266 
978656 978656 
988168 987775 988168 991205 985781 987775 991205 985781 
980459 
989556 
980393 
985979 
976107 976107 980286 
987775 991106 991046 991243 991106 
986162 983378 
984034 974718 988320 
980459 
975937 
983729 
984632 
983590 983590 
981364 
988234 988233 988230 988224 988229 
984176 
989648 991353 
981930 981124 
984176 
987157 
987464 
986757 
984601 
987056 
987799 
988616 
987880 
991654 989672 991547 991409 985203 991357 984977 985807 
920647 
991901 991341 991516 
984974 
983400 
984176 
992262 
982798 
984508 
984516 
991353 
991205 985781 991205 985781 985781 985781 985781 985781 991205 988046 
987478 988118 972972 988047 987057 986876 983358 988592 921093 981296 
987561 
987864 
989215 
982558 
982234 982234 982234 
989637 
987456 988392 988830 987849 988411 988829 
989731 975881 975881 
989612 
921036 
982697 
983302 
987354 
982369 
988557 989327 
982492 
984473 
986485 
988598 
991547 991098 972797 
986996 988291 
987197 
982275 
982503 
986526 
977002 977003 977003 
986682 
985846 985846 985846 
983652 983764 
986817 
991256 
984698 
984334 976284 980438 976107 976284 984462 
984924 984924 981859 
985009 984105 
982515 
982229 
984287 984287 
987396 
920981 
985063 985063 
988687 988687 988687 988687 
986754 984977 
989430 991624 989430 
988820 
988886 
989393 
981124 
984480 984094 982653 
984861 
991454 983009 991454 989578 
978206 
984902 984094 
986243 986243 986224 
988168 
991532 
989393 
986957 
982503 984516 984762 
987992 991185 984974 984977 
982629 982229 981664 980570 977219 980572 982462 976140 982629 980570 980572 
983454 
985063 985380 983378 986113 985276 985270 
984966 
986689 
976140 
989939 
984987 984188 984214 982921 
920916 
985233 
984287 
984141 
981364 
986169 985747 
984082 
981329 
991637 921441 991637 
983208 983266 
978656 978656 
988168 987775 988168 991205 985781 987775 991205 985781 
980459 
989556 
980393 
985979 
976107 976107 980286 
987775 991106 991046 991243 991106 
986162 983378 
984034 974718 988320 
980459 
975937 
987992 991185 984974 984977 
982629 982229 981664 980570 977219 980572 982462 976140 982629 980570 980572 
986243 986243 986224 
983400 
985846 985846 985846 
978656 978656 
986817 
983454 
991654 989672 991547 991409 985203 991357 984977 985807 
985063 985380 983378 986113 985276 985270 
982503 984516 984762 
976140 
991256 
984698 
984141 
989939 
987056 
987864 
984987 984188 984214 982921 
982515 
984176 
920916 
991353 
980459 
991205 985781 991205 985781 985781 985781 985781 985781 991205 988046 
985233 
920981 
984287 
989648 991353 
989556 
981930 981124 
988687 988687 988687 988687 
985063 985063 
989215 
982558 
982234 982234 982234 
986169 985747 
987157 
987464 
989430 991624 989430 
981329 
989731 975881 975881 
988886 
984601 
984287 984287 
983208 983266 
921036 
988168 987775 988168 991205 985781 987775 991205 985781 
982697 
983302 
984480 984094 982653 
987354 
980393 
982369 
988557 989327 
986957 
978206 
985979 
982492 
984473 
986485 
988598 
976107 976107 980286 
987775 991106 991046 991243 991106 
986996 988291 
987197 
982275 
988616 
984034 974718 988320 
984334 976284 980438 976107 976284 984462 
989393 
981364 
991901 991341 991516 
975937 
986526 
987992 991185 984974 984977 
982629 982229 981664 980570 977219 980572 982462 976140 982629 980570 980572 
986243 986243 986224 
983400 
985846 985846 985846 
978656 978656 
986817 
983454 
991654 989672 991547 991409 985203 991357 984977 985807 
985063 985380 983378 986113 985276 985270 
982503 984516 984762 
976140 
991256 
984698 
984141 
989939 
987056 
987864 
984987 984188 984214 982921 
982515 
984176 
920916 
991353 
980459 
991205 985781 991205 985781 985781 985781 985781 985781 991205 988046 
985233 
920981 
984287 
989648 991353 
989556 
981930 981124 
988687 988687 988687 988687 
985063 985063 
989215 
982558 
982234 982234 982234 
986169 985747 
987157 
987464 
989430 991624 989430 
981329 
989731 975881 975881 
988886 
984601 
984287 984287 
983208 983266 
921036 
988168 987775 988168 991205 985781 987775 991205 985781 
982697 
983302 
984480 984094 982653 
987354 
980393 
982369 
988557 989327 
986957 
978206 
985979 
982492 
984473 
986485 
988598 
976107 976107 980286 
987775 991106 991046 991243 991106 
986996 988291 
987197 
982275 
988616 
984034 974718 988320 
984334 976284 980438 976107 976284 984462 
989393 
981364 
991901 991341 991516 
975937 
986526 
