983046 
983125 
983054 
989404 
985795 
983367 
991288 
987611 
988224 
985221 
988224 
988784 
991845 
991078 
986082 
985268 
987307 
984972 
986382 
986719 
984427 
988950 
986719 
991507 
983048 
978134 
978134 
985364 
985233 
984962 
980459 
984158 
986557 
988717 
991412 
986384 
983311 
983046 983125 983054 
989404 
985795 
983367 
991288 
987611 
988224 985221 988224 988784 
991845 991078 
986082 
985268 
987307 
984972 
986382 
986719 984427 988950 986719 991507 
983048 
978134 978134 
985364 
985233 
984962 
980459 
984158 986557 
988717 
991412 
986384 983311 
983046 983125 983054 
989404 
985795 
983367 
991288 
987611 
988224 985221 988224 988784 
991845 991078 
986082 
985268 
987307 
984972 
986382 
986719 984427 988950 986719 991507 
983048 
978134 978134 
985364 
985233 
984962 
980459 
984158 986557 
988717 
991412 
986384 983311 
978134 978134 
985364 
983046 983125 983054 
991412 
987307 
989404 
984962 
985233 
988224 985221 988224 988784 
986719 984427 988950 986719 991507 
987611 
983048 
991845 991078 
986082 
986384 983311 
978134 978134 
985364 
983046 983125 983054 
991412 
987307 
989404 
984962 
985233 
988224 985221 988224 988784 
986719 984427 988950 986719 991507 
987611 
983048 
991845 991078 
986082 
986384 983311 
