988649 
991602 
978657 
921076 
984334 
981404 
988191 
981837 
985817 
984473 
982921 
986719 
988557 
976284 
986996 
986996 
981044 
981043 
989911 
989911 
988183 
984039 
984039 
984094 
986996 
988649 991602 
978657 921076 984334 981404 
988191 981837 985817 
984473 982921 986719 
988557 
976284 
986996 986996 
981044 981043 
989911 989911 
988183 
984039 984039 
984094 986996 
988649 991602 
978657 921076 984334 981404 
988191 981837 985817 
984473 982921 986719 
988557 
976284 
986996 986996 
981044 981043 
989911 989911 
988183 
984039 984039 
984094 986996 
988649 991602 
988191 981837 985817 
984473 982921 986719 
988557 
976284 
986996 986996 
978657 921076 984334 981404 
989911 989911 
984039 984039 
984094 986996 
988649 991602 
988191 981837 985817 
984473 982921 986719 
988557 
976284 
986996 986996 
978657 921076 984334 981404 
989911 989911 
984039 984039 
984094 986996 
