986687 
986269 
984390 
984390 
983754 
976140 
983218 
983754 
982234 
982234 
975592 
980459 
975612 
982234 
955803 
978206 
982234 
982234 
986687 986269 
984390 984390 
983754 976140 983218 983754 
982234 982234 975592 980459 975612 982234 955803 978206 982234 982234 
986687 986269 
984390 984390 
983754 976140 983218 983754 
982234 982234 975592 980459 975612 982234 955803 978206 982234 982234 
986687 986269 
982234 982234 975592 980459 975612 982234 955803 978206 982234 982234 
986687 986269 
982234 982234 975592 980459 975612 982234 955803 978206 982234 982234 
