984170 
983187 
984082 
986797 
984473 
984473 
980459 
971930 
986786 
983296 
986003 
982523 
983357 
987863 
982456 
981366 
985404 
989230 
972897 
981537 
984178 
984178 
981057 
985364 
985364 
981786 
986996 
980513 
980459 
985747 
991940 
989667 
991940 
986366 
988420 
989026 
982731 
982732 
991940 
980393 
984490 
981930 
982026 
989612 
988833 
988616 
988832 
981838 
982954 
956882 
983292 
982657 
991611 
981244 
983611 
975612 
975592 
985799 
984299 
981849 
982640 
981786 
984082 
983256 
989829 
982608 
984519 
982738 
984248 
986996 
986996 
991531 
987347 
982697 
956882 
982954 
956882 
982185 
984170 
983187 
984082 
986797 
984473 984473 
980459 
971930 
986786 
983296 
986003 
982523 
983357 
987863 
982456 981366 
985404 
989230 
972897 981537 
984178 984178 
981057 985364 985364 
981786 
986996 
980513 
980459 
985747 
991940 989667 991940 
986366 988420 
989026 
982731 982732 
991940 
980393 
984490 
981930 
982026 
989612 
988833 988616 988832 
981838 
982954 956882 
983292 
982657 
991611 
981244 
983611 
975612 975592 
985799 
984299 981849 982640 
981786 
984082 
983256 
989829 
982608 
984519 982738 984248 
986996 986996 
991531 987347 
982697 
956882 982954 956882 
982185 
984170 
983187 
984082 
986797 
984473 984473 
980459 
971930 
986786 
983296 
986003 
982523 
983357 
987863 
982456 981366 
985404 
989230 
972897 981537 
984178 984178 
981057 985364 985364 
981786 
986996 
980513 
980459 
985747 
991940 989667 991940 
986366 988420 
989026 
982731 982732 
991940 
980393 
984490 
981930 
982026 
989612 
988833 988616 988832 
981838 
982954 956882 
983292 
982657 
991611 
981244 
983611 
975612 975592 
985799 
984299 981849 982640 
981786 
984082 
983256 
989829 
982608 
984519 982738 984248 
986996 986996 
991531 987347 
982697 
956882 982954 956882 
982185 
984170 
983187 
986797 
984473 984473 
983611 
971930 
986786 
986003 
983357 
987863 
982456 981366 
985404 
972897 981537 
981057 985364 985364 
981786 
980459 
985747 
986366 988420 
989026 
982731 982732 
991940 
980393 
984490 
986996 
991940 989667 991940 
988833 988616 988832 
982954 956882 
983292 
991611 
981244 
975612 975592 
984299 981849 982640 
981786 
983256 
989829 
982608 
984519 982738 984248 
986996 986996 
991531 987347 
982697 
956882 982954 956882 
982185 
984170 
983187 
986797 
984473 984473 
983611 
971930 
986786 
986003 
983357 
987863 
982456 981366 
985404 
972897 981537 
981057 985364 985364 
981786 
980459 
985747 
986366 988420 
989026 
982731 982732 
991940 
980393 
984490 
986996 
991940 989667 991940 
988833 988616 988832 
982954 956882 
983292 
991611 
981244 
975612 975592 
984299 981849 982640 
981786 
983256 
989829 
982608 
984519 982738 984248 
986996 986996 
991531 987347 
982697 
956882 982954 956882 
982185 
