991577 
987893 
981042 
984741 
993042 
987396 
986526 
986243 
981044 
982780 
982876 
982945 
982876 
982945 
982657 
984215 
980286 
921488 
986797 
988019 
983700 
983700 
981364 
984115 
982278 
982374 
984275 
982230 
982811 
981838 
982884 
982884 
982884 
980156 
983995 
989763 
988075 
987194 
987194 
987194 
987194 
987194 
987194 
987194 
984359 
977402 
984133 
989665 
981837 
982592 
987884 
989401 
988472 
989392 
988709 
981605 
985693 
985093 
991577 
987893 981042 984741 
993042 
987396 
986526 
986243 981044 
982780 
982876 982945 982876 982945 
982657 
984215 
980286 
921488 
986797 988019 983700 983700 
981364 
984115 
982278 982374 
984275 
982230 982811 
981838 
982884 982884 982884 980156 
983995 
989763 988075 
987194 987194 987194 987194 987194 987194 987194 
984359 
977402 
984133 
989665 981837 
982592 
987884 
989401 988472 989392 988709 981605 
985693 
985093 
991577 
987893 981042 984741 
993042 
987396 
986526 
986243 981044 
982780 
982876 982945 982876 982945 
982657 
984215 
980286 
921488 
986797 988019 983700 983700 
981364 
984115 
982278 982374 
984275 
982230 982811 
981838 
982884 982884 982884 980156 
983995 
989763 988075 
987194 987194 987194 987194 987194 987194 987194 
984359 
977402 
984133 
989665 981837 
982592 
987884 
989401 988472 989392 988709 981605 
985693 
985093 
987893 981042 984741 
993042 
986243 981044 
982780 
982657 
984215 
980286 
986797 988019 983700 983700 
981364 
984115 
982278 982374 
982230 982811 
981838 
982884 982884 982884 980156 
989763 988075 
987194 987194 987194 987194 987194 987194 987194 
984359 
977402 
984133 
982592 
987884 
989401 988472 989392 988709 981605 
985693 
985093 
987893 981042 984741 
993042 
986243 981044 
982780 
982657 
984215 
980286 
986797 988019 983700 983700 
981364 
984115 
982278 982374 
982230 982811 
981838 
982884 982884 982884 980156 
989763 988075 
987194 987194 987194 987194 987194 987194 987194 
984359 
977402 
984133 
982592 
987884 
989401 988472 989392 988709 981605 
985693 
985093 
