984188 
984962 
976553 
983144 
984750 
984749 
981304 
983151 
993068 
984604 
984094 
984632 
987056 
983060 
984188 
984962 
976553 
983144 984750 984749 
981304 983151 
993068 
984604 
984094 
984632 
987056 
983060 
984188 
984962 
976553 
983144 984750 984749 
981304 983151 
993068 
984604 
984094 
984632 
987056 
983060 
984188 
984962 
976553 
983144 984750 984749 
981304 983151 
984604 
984632 
993068 
983060 
984188 
984962 
976553 
983144 984750 984749 
981304 983151 
984604 
984632 
993068 
983060 
