984055 
991806 
982143 
986633 
984055 
989401 
982181 
982985 
982985 
985799 
985256 
991205 
989038 
982563 
982772 
982260 
982260 
981535 
982260 
982260 
989912 
989434 
981664 
984962 
981930 
984082 
981124 
975592 
982743 
982743 
982518 
983303 
983303 
989206 
981095 
982985 
982985 
982985 
986606 
920995 
981044 
981044 
980459 
984055 
991806 
982143 
986633 
984055 
989401 
982181 
982985 982985 
985799 985256 
991205 
989038 
982563 
982772 
982260 982260 981535 982260 982260 
989912 
989434 
981664 
984962 981930 984082 
981124 
975592 
982743 982743 982518 
983303 983303 
989206 
981095 
982985 982985 982985 
986606 
920995 
981044 981044 
980459 
984055 
991806 
982143 
986633 
984055 
989401 
982181 
982985 982985 
985799 985256 
991205 
989038 
982563 
982772 
982260 982260 981535 982260 982260 
989912 
989434 
981664 
984962 981930 984082 
981124 
975592 
982743 982743 982518 
983303 983303 
989206 
981095 
982985 982985 982985 
986606 
920995 
981044 981044 
980459 
975592 
984962 981930 984082 
982143 
986606 
989434 
982743 982743 982518 
982260 982260 981535 982260 982260 
920995 
989401 
981664 
981095 
982181 
983303 983303 
980459 
989038 
975592 
984962 981930 984082 
982143 
986606 
989434 
982743 982743 982518 
982260 982260 981535 982260 982260 
920995 
989401 
981664 
981095 
982181 
983303 983303 
980459 
989038 
