984640 
991486 
988426 989233 
987628 
989327 989230 988420 987942 
982766 
985266 
975592 982275 984987 
992221 
989420 
983764 
986876 
984039 
986485 
982561 
983665 
984170 
983646 982477 
991448 
989820 989352 989661 
983864 983091 981304 983716 
976495 
984982 985007 
982706 
983364 
984640 
991486 
988426 989233 
987628 
989327 989230 988420 987942 
982766 
985266 
975592 982275 984987 
992221 
989420 
983764 
986876 
984039 
986485 
982561 
983665 
984170 
983646 982477 
991448 
989820 989352 989661 
983864 983091 981304 983716 
976495 
984982 985007 
982706 
983364 
