982595 
984640 
991486 
984973 
982597 
984082 
981143 
989327 
989230 
988420 
987942 
982766 
984982 
985007 
981095 
981096 
985266 
984141 
975592 
982275 
984987 
992221 
983764 
986876 
984039 
976800 
976800 
976800 
976800 
976800 
980170 
981800 
984082 
984419 
989145 
991108 
986243 
982561 
983665 
983362 
991448 
984170 
988426 
989233 
987628 
989392 
987738 
987736 
986682 
982316 
983646 
982477 
986485 
984082 
986786 
986786 
989820 
989352 
989661 
989420 
980393 
991940 
976495 
983864 
983091 
981304 
983716 
987610 
984094 
984082 
984215 
982706 
983364 
987873 
984881 
988133 
987366 
989394 
981602 
981604 
981604 
981602 
981603 
981603 
988988 
982595 
984640 
991486 
984973 
982597 
984082 981143 
989327 989230 988420 987942 
982766 
984982 985007 
981095 981096 
985266 
984141 
975592 982275 984987 
992221 
983764 
986876 
984039 
976800 976800 976800 976800 976800 980170 981800 
984082 984419 
989145 
991108 
986243 
982561 
983665 
983362 
991448 
984170 
988426 989233 
987628 
989392 
987738 987736 
986682 
982316 
983646 982477 
986485 
984082 
986786 986786 
989820 989352 989661 
989420 
980393 
991940 
976495 
983864 983091 981304 983716 
987610 
984094 
984082 984215 
982706 
983364 
987873 
984881 
988133 
987366 989394 
981602 981604 981604 981602 981603 981603 
988988 
982595 
984640 
991486 
984973 
982597 
984082 981143 
989327 989230 988420 987942 
982766 
984982 985007 
981095 981096 
985266 
984141 
975592 982275 984987 
992221 
983764 
986876 
984039 
976800 976800 976800 976800 976800 980170 981800 
984082 984419 
989145 
991108 
986243 
982561 
983665 
983362 
991448 
984170 
988426 989233 
987628 
989392 
987738 987736 
986682 
982316 
983646 982477 
986485 
984082 
986786 986786 
989820 989352 989661 
989420 
980393 
991940 
976495 
983864 983091 981304 983716 
987610 
984094 
984082 984215 
982706 
983364 
987873 
984881 
988133 
987366 989394 
981602 981604 981604 981602 981603 981603 
988988 
982595 
984973 
982597 
984082 981143 
982316 
981095 981096 
984094 
984141 
988133 
976800 976800 976800 976800 976800 980170 981800 
984082 984419 
989145 
991108 
986243 
987610 
983362 
989392 
987738 987736 
986682 
984082 
986786 986786 
980393 
991940 
984082 984215 
987873 
984881 
987366 989394 
981602 981604 981604 981602 981603 981603 
988988 
982595 
984973 
982597 
984082 981143 
982316 
981095 981096 
984094 
984141 
988133 
976800 976800 976800 976800 976800 980170 981800 
984082 984419 
989145 
991108 
986243 
987610 
983362 
989392 
987738 987736 
986682 
984082 
986786 986786 
980393 
991940 
984082 984215 
987873 
984881 
987366 989394 
981602 981604 981604 981602 981603 981603 
988988 
