991160 
988784 
991160 
983424 
983149 
988020 
991108 
986988 
981777 
983899 
983899 
981787 
982283 
981665 
988833 
988832 
988832 
988833 
986452 
970161 
983122 
989352 
988784 
988079 
984324 
984082 
988784 
987023 
985301 
984889 
987398 
984402 
986214 
984851 
981499 
983559 
991160 988784 991160 
983424 
983149 
988020 991108 986988 
981777 
983899 983899 
981787 982283 981665 
988833 988832 988832 988833 
986452 
970161 
983122 
989352 
988784 988079 
984324 
984082 
988784 
987023 
985301 984889 
987398 
984402 986214 
984851 
981499 
983559 
991160 988784 991160 
983424 
983149 
988020 991108 986988 
981777 
983899 983899 
981787 982283 981665 
988833 988832 988832 988833 
986452 
970161 
983122 
989352 
988784 988079 
984324 
984082 
988784 
987023 
985301 984889 
987398 
984402 986214 
984851 
981499 
983559 
988784 
991160 988784 991160 
983424 
981787 982283 981665 
983149 
988784 988079 
989352 
984324 
981777 
988833 988832 988832 988833 
981499 
983559 
983122 
984082 
984402 986214 
988784 
991160 988784 991160 
983424 
981787 982283 981665 
983149 
988784 988079 
989352 
984324 
981777 
988833 988832 988832 988833 
981499 
983559 
983122 
984082 
984402 986214 
