980998 
981190 
987969 
988957 
989578 
989580 
983691 
983175 
987746 
986837 
976140 
971930 
987393 
984604 
983007 
983614 
982345 
984170 
976350 
980998 981190 
987969 
988957 989578 989580 
983691 
983175 
987746 986837 976140 971930 987393 
984604 
983007 983614 
982345 984170 
976350 
980998 981190 
987969 
988957 989578 989580 
983691 
983175 
987746 986837 976140 971930 987393 
984604 
983007 983614 
982345 984170 
976350 
987969 
988957 989578 989580 
983691 
983175 
987746 986837 976140 971930 987393 
984604 
983007 983614 
982345 984170 
976350 
987969 
988957 989578 989580 
983691 
983175 
987746 986837 976140 971930 987393 
984604 
983007 983614 
982345 984170 
976350 
