987863 
986996 
987863 
970585 
988988 
989510 
988967 
987556 
985845 
984883 
974436 
973709 
980459 
977311 
987302 
981784 
981784 
992806 
992339 
992389 
989658 
987863 986996 
987863 
970585 
988988 989510 
988967 987556 985845 
984883 
974436 
973709 
980459 977311 
987302 
981784 981784 
992806 992339 992389 989658 
987863 986996 
987863 
970585 
988988 989510 
988967 987556 985845 
984883 
974436 
973709 
980459 977311 
987302 
981784 981784 
992806 992339 992389 989658 
987863 
970585 
988988 989510 
988967 987556 985845 
987863 986996 
974436 
992806 992339 992389 989658 
987863 
970585 
988988 989510 
988967 987556 985845 
987863 986996 
974436 
992806 992339 992389 989658 
