983359 
983153 
991234 
921076 
982117 
982117 
982117 
982117 
982083 
982117 
982117 
982117 
985445 
985356 
985233 
992350 
981849 
980393 
992338 
984094 
982523 
981124 
982450 
982434 
992451 
992494 
992447 
992494 
920995 
982900 
983135 
982900 
983719 
983719 
983719 
983719 
985592 
982083 
982117 
982778 
982597 
986633 
983359 
983153 
991234 
921076 
982117 982117 982117 982117 982083 982117 982117 982117 
985445 985356 
985233 
992350 
981849 
980393 
992338 
984094 982523 981124 
982450 982434 
992451 992494 992447 992494 
920995 
982900 983135 982900 
983719 983719 983719 983719 
985592 
982083 982117 
982778 
982597 
986633 
983359 
983153 
991234 
921076 
982117 982117 982117 982117 982083 982117 982117 982117 
985445 985356 
985233 
992350 
981849 
980393 
992338 
984094 982523 981124 
982450 982434 
992451 992494 992447 992494 
920995 
982900 983135 982900 
983719 983719 983719 983719 
985592 
982083 982117 
982778 
982597 
986633 
982117 982117 982117 982117 982083 982117 982117 982117 
982083 982117 
981849 
980393 
983359 
985445 985356 
985233 
983153 
982450 982434 
991234 
920995 
992338 
983719 983719 983719 983719 
982597 
985592 
921076 
982117 982117 982117 982117 982083 982117 982117 982117 
982083 982117 
981849 
980393 
983359 
985445 985356 
985233 
983153 
982450 982434 
991234 
920995 
992338 
983719 983719 983719 983719 
982597 
985592 
921076 
