984188 
989298 
988126 
984508 
987863 
984508 
984508 
991520 
984508 
987558 
987252 
983342 
987456 
987456 
986082 
988508 
989529 
988829 
988830 
987456 
982823 
989161 
988126 
985178 
984977 
984508 
986974 
991589 
993298 
989341 
984188 
989298 
988126 984508 987863 984508 984508 991520 984508 
987558 987252 
983342 
987456 987456 986082 
988508 
989529 
988829 988830 987456 
982823 
989161 988126 985178 
984977 
984508 
986974 
991589 993298 
989341 
984188 
989298 
988126 984508 987863 984508 984508 991520 984508 
987558 987252 
983342 
987456 987456 986082 
988508 
989529 
988829 988830 987456 
982823 
989161 988126 985178 
984977 
984508 
986974 
991589 993298 
989341 
984188 
989298 
988126 984508 987863 984508 984508 991520 984508 
987558 987252 
983342 
987456 987456 986082 
989161 988126 985178 
984977 
991589 993298 
984188 
989298 
988126 984508 987863 984508 984508 991520 984508 
987558 987252 
983342 
987456 987456 986082 
989161 988126 985178 
984977 
991589 993298 
