989355 
983559 
991900 
989939 
989585 
986996 
975491 
975491 
988805 
982680 
988066 
984189 
980459 
980947 
991389 
970664 
988161 
983888 
986048 
970664 
970664 
989355 
983559 
991900 
989939 989585 
986996 
975491 975491 
988805 
982680 
988066 
984189 
980459 
980947 
991389 
970664 
988161 
983888 
986048 
970664 970664 
989355 
983559 
991900 
989939 989585 
986996 
975491 975491 
988805 
982680 
988066 
984189 
980459 
980947 
991389 
970664 
988161 
983888 
986048 
970664 970664 
989355 
986996 
975491 975491 
988805 
982680 
980947 
970664 
988161 
970664 970664 
989355 
986996 
975491 975491 
988805 
982680 
980947 
970664 
988161 
970664 970664 
