980843 
985636 
986667 
984977 
983774 
971800 
983032 
985007 984188 984632 
989567 989234 
992005 991917 
982775 988853 921721 988589 989580 989578 
981095 
976140 
986074 
982313 982676 
985094 
983635 
983362 
986870 985781 
991267 
986516 
970275 985007 
989434 987913 
986870 
971586 
981210 982281 971800 
982154 
989596 989596 
984987 984094 984960 
989381 
989621 
970585 
986667 
983782 
975767 975767 
986526 
982619 
992220 
985404 982228 
984039 
988721 985817 981044 984094 986558 
981893 981892 
984082 985256 
977402 
980843 
985636 
986667 
984977 
983774 
971800 
983032 
985007 984188 984632 
989567 989234 
992005 991917 
982775 988853 921721 988589 989580 989578 
981095 
976140 
986074 
982313 982676 
985094 
983635 
983362 
986870 985781 
991267 
986516 
970275 985007 
989434 987913 
986870 
971586 
981210 982281 971800 
982154 
989596 989596 
984987 984094 984960 
989381 
989621 
970585 
986667 
983782 
975767 975767 
986526 
982619 
992220 
985404 982228 
984039 
988721 985817 981044 984094 986558 
981893 981892 
984082 985256 
977402 
