981859 
988393 
986870 
980208 
980209 
982431 
971800 
983032 
985697 
986224 
986243 
986243 
977402 
991267 
981513 
981515 
975592 
986870 
985781 
981535 
970585 
982994 
982900 
981095 
989393 
989404 
988940 
986526 
985205 
985276 
984793 
985203 
984094 
985356 
984508 
986163 
982456 
982676 
982154 
985863 
983019 
982387 
992230 
991235 
992220 
985007 
986656 
981784 
986667 
971586 
982154 
980843 
989381 
977311 
980459 
981304 
977311 
985358 
991236 
988459 
986018 
982434 
982619 
982713 
992220 
985404 
982228 
982078 
982626 
991911 
987775 
985233 
982713 
992005 
991917 
983125 
984839 
926990 
985706 
970664 
984462 
983978 
985606 
985758 
982864 
984977 
981366 
980691 
985094 
983635 
989937 
989929 
981537 
980393 
989161 
985178 
983782 
982895 
982640 
989133 
984039 
982741 
980843 
985636 
985737 
983012 
983218 
981305 
985007 
984188 
984632 
970664 
985266 
983828 
976140 
982775 
988853 
921721 
988589 
989580 
989578 
987884 
986074 
982313 
982676 
920970 
970585 
989621 
992342 
980138 
983268 
982975 
982229 
983593 
984962 
987818 
984972 
970275 
985007 
986243 
987361 
981210 
982281 
971800 
989596 
989596 
983362 
991170 
991644 
981784 
981784 
984082 
984207 
980274 
991619 
989578 
989580 
988142 
988721 
985817 
981044 
984094 
986558 
981664 
981664 
989567 
989234 
985405 
985365 
985404 
985405 
984423 
984034 
976284 
976107 
983001 
981124 
984254 
984299 
984254 
983266 
982856 
984419 
984526 
980144 
982641 
972346 
972340 
980393 
976140 
982713 
984977 
981658 
983503 
986516 
983774 
989434 
987913 
986870 
986786 
987367 
984962 
983122 
984987 
984094 
984960 
973487 
983687 
984176 
983687 
970585 
986667 
975767 
975767 
986526 
981893 
981892 
984082 
985256 
977402 
981859 
988393 986870 
980208 980209 982431 
971800 
983032 
985697 
986224 986243 986243 
977402 
991267 
981513 981515 
975592 
986870 985781 
981535 
970585 982994 982900 
981095 
989393 989404 988940 986526 
985205 985276 984793 985203 984094 
985356 984508 
986163 
982456 
982676 982154 
985863 
983019 
982387 
992230 991235 992220 
985007 
986656 
981784 
986667 
971586 
982154 
980843 
989381 
977311 980459 981304 977311 
985358 
991236 
988459 986018 
982434 
982619 
982713 
992220 
985404 982228 
982078 
982626 
991911 987775 
985233 
982713 
992005 991917 
983125 
984839 926990 
985706 970664 984462 983978 985606 985758 
982864 
984977 
981366 980691 
985094 
983635 
989937 989929 
981537 
980393 
989161 985178 
983782 
982895 
982640 
989133 
984039 
982741 
980843 
985636 
985737 
983012 
983218 981305 
985007 984188 984632 
970664 985266 983828 
976140 
982775 988853 921721 988589 989580 989578 
987884 
986074 
982313 982676 
920970 
970585 
989621 
992342 
980138 983268 982975 
982229 983593 
984962 987818 984972 
970275 985007 
986243 
987361 
981210 982281 971800 
989596 989596 
983362 
991170 
991644 
981784 981784 
984082 984207 
980274 991619 989578 989580 
988142 
988721 985817 981044 984094 986558 
981664 981664 
989567 989234 
985405 985365 985404 985405 
984423 984034 976284 976107 
983001 981124 
984254 984299 984254 983266 982856 
984419 984526 
980144 
982641 972346 972340 
980393 
976140 
982713 
984977 
981658 983503 
986516 
983774 
989434 987913 
986870 
986786 987367 984962 
983122 
984987 984094 984960 
973487 
983687 984176 983687 
970585 
986667 
975767 975767 
986526 
981893 981892 
984082 985256 
977402 
981859 
988393 986870 
980208 980209 982431 
971800 
983032 
985697 
986224 986243 986243 
977402 
991267 
981513 981515 
975592 
986870 985781 
981535 
970585 982994 982900 
981095 
989393 989404 988940 986526 
985205 985276 984793 985203 984094 
985356 984508 
986163 
982456 
982676 982154 
985863 
983019 
982387 
992230 991235 992220 
985007 
986656 
981784 
986667 
971586 
982154 
980843 
989381 
977311 980459 981304 977311 
985358 
991236 
988459 986018 
982434 
982619 
982713 
992220 
985404 982228 
982078 
982626 
991911 987775 
985233 
982713 
992005 991917 
983125 
984839 926990 
985706 970664 984462 983978 985606 985758 
982864 
984977 
981366 980691 
985094 
983635 
989937 989929 
981537 
980393 
989161 985178 
983782 
982895 
982640 
989133 
984039 
982741 
980843 
985636 
985737 
983012 
983218 981305 
985007 984188 984632 
970664 985266 983828 
976140 
982775 988853 921721 988589 989580 989578 
987884 
986074 
982313 982676 
920970 
970585 
989621 
992342 
980138 983268 982975 
982229 983593 
984962 987818 984972 
970275 985007 
986243 
987361 
981210 982281 971800 
989596 989596 
983362 
991170 
991644 
981784 981784 
984082 984207 
980274 991619 989578 989580 
988142 
988721 985817 981044 984094 986558 
981664 981664 
989567 989234 
985405 985365 985404 985405 
984423 984034 976284 976107 
983001 981124 
984254 984299 984254 983266 982856 
984419 984526 
980144 
982641 972346 972340 
980393 
976140 
982713 
984977 
981658 983503 
986516 
983774 
989434 987913 
986870 
986786 987367 984962 
983122 
984987 984094 984960 
973487 
983687 984176 983687 
970585 
986667 
975767 975767 
986526 
981893 981892 
984082 985256 
977402 
991911 987775 
980144 
981859 
988393 986870 
989393 989404 988940 986526 
980843 
983012 
983218 981305 
985697 
982713 
970664 985266 983828 
982713 
986224 986243 986243 
977402 
985405 985365 985404 985405 
983125 
976140 
981513 981515 
985233 
987884 
984423 984034 976284 976107 
981535 
970585 982994 982900 
983001 981124 
984254 984299 984254 983266 982856 
984839 926990 
984977 
981784 
982641 972346 972340 
980393 
986163 
983687 984176 983687 
982456 
981366 980691 
982676 982154 
980274 991619 989578 989580 
985863 
920970 
983019 
982387 
991170 
981658 983503 
986786 987367 984962 
992230 991235 992220 
980138 983268 982975 
982229 983593 
986656 
989937 989929 
984962 987818 984972 
985356 984508 
985706 970664 984462 983978 985606 985758 
986243 
987361 
985737 
989133 
981537 
982864 
983122 
980208 980209 982431 
985358 
973487 
980393 
981664 981664 
981784 981784 
991236 
985007 
985205 985276 984793 985203 984094 
991644 
988459 986018 
982434 
984082 984207 
977311 980459 981304 977311 
982713 
982895 
988142 
982640 
992342 
982078 
984419 984526 
982626 
989161 985178 
982741 
975592 
970585 
991911 987775 
980144 
981859 
988393 986870 
989393 989404 988940 986526 
980843 
983012 
983218 981305 
985697 
982713 
970664 985266 983828 
982713 
986224 986243 986243 
977402 
985405 985365 985404 985405 
983125 
976140 
981513 981515 
985233 
987884 
984423 984034 976284 976107 
981535 
970585 982994 982900 
983001 981124 
984254 984299 984254 983266 982856 
984839 926990 
984977 
981784 
982641 972346 972340 
980393 
986163 
983687 984176 983687 
982456 
981366 980691 
982676 982154 
980274 991619 989578 989580 
985863 
920970 
983019 
982387 
991170 
981658 983503 
986786 987367 984962 
992230 991235 992220 
980138 983268 982975 
982229 983593 
986656 
989937 989929 
984962 987818 984972 
985356 984508 
985706 970664 984462 983978 985606 985758 
986243 
987361 
985737 
989133 
981537 
982864 
983122 
980208 980209 982431 
985358 
973487 
980393 
981664 981664 
981784 981784 
991236 
985007 
985205 985276 984793 985203 984094 
991644 
988459 986018 
982434 
984082 984207 
977311 980459 981304 977311 
982713 
982895 
988142 
982640 
992342 
982078 
984419 984526 
982626 
989161 985178 
982741 
975592 
970585 
