984155 
984618 
986700 
989578 
988164 
989580 
987818 
986682 
984188 
983369 
987807 
986876 
977467 
982597 
984082 
991688 
993218 
982885 
986437 
986713 
970585 
985358 
985358 
984066 
981298 
991606 
989161 
987738 
987738 
984467 
987834 
987847 
984141 
984541 
970585 
986533 
984698 
989449 
984155 
984618 
986700 989578 988164 989580 
987818 
986682 
984188 
983369 
987807 986876 
977467 
982597 
984082 
991688 
993218 
982885 
986437 
986713 
970585 
985358 985358 
984066 981298 
991606 
989161 
987738 987738 
984467 
987834 987847 984141 
984541 
970585 
986533 
984698 
989449 
984155 
984618 
986700 989578 988164 989580 
987818 
986682 
984188 
983369 
987807 986876 
977467 
982597 
984082 
991688 
993218 
982885 
986437 
986713 
970585 
985358 985358 
984066 981298 
991606 
989161 
987738 987738 
984467 
987834 987847 984141 
984541 
970585 
986533 
984698 
989449 
984155 
984618 
987818 
986682 
984188 
983369 
987807 986876 
982597 
977467 
991688 
993218 
982885 
986713 
984066 981298 
989161 
987738 987738 
984467 
987834 987847 984141 
984541 
970585 
986533 
984698 
989449 
984155 
984618 
987818 
986682 
984188 
983369 
987807 986876 
982597 
977467 
991688 
993218 
982885 
986713 
984066 981298 
989161 
987738 987738 
984467 
987834 987847 984141 
984541 
970585 
986533 
984698 
989449 
