982296 
982296 
981179 
975592 
983076 
986162 
970585 
970585 
983085 
981124 
985493 
985781 
970585 
988830 
987995 
988830 
988829 
981838 
983359 
983048 
975592 
981304 
983594 
987546 
985336 
987484 
987173 
984082 
985256 
983303 
983454 
985781 
984962 
991721 
991409 
984962 
983218 
982176 
982176 
984892 
978132 
980432 
986164 
989588 
991913 
970664 
987807 
970664 
983686 
983692 
981043 
981930 
987760 
971930 
985716 
988508 
986862 
981124 
988746 
983299 
983305 
983764 
991589 
981364 
980459 
981404 
981404 
981404 
982459 
984039 
989862 
984982 
984982 
984982 
989665 
980459 
987818 
987884 
977311 
989341 
984082 
984094 
984324 
975982 
984473 
984473 
989637 
982296 982296 
981179 
975592 
983076 
986162 970585 970585 
983085 
981124 
985493 985781 
970585 
988830 987995 988830 988829 
981838 983359 
983048 975592 
981304 983594 
987546 
985336 
987484 987173 
984082 985256 
983303 
983454 
985781 
984962 
991721 991409 
984962 983218 
982176 982176 
984892 
978132 
980432 
986164 
989588 
991913 
970664 987807 970664 
983686 983692 
981043 
981930 987760 
971930 
985716 
988508 
986862 981124 
988746 
983299 
983305 
983764 
991589 
981364 
980459 
981404 981404 981404 
982459 
984039 
989862 
984982 984982 984982 
989665 
980459 987818 987884 977311 989341 
984082 
984094 984324 
975982 
984473 984473 
989637 
982296 982296 
981179 
975592 
983076 
986162 970585 970585 
983085 
981124 
985493 985781 
970585 
988830 987995 988830 988829 
981838 983359 
983048 975592 
981304 983594 
987546 
985336 
987484 987173 
984082 985256 
983303 
983454 
985781 
984962 
991721 991409 
984962 983218 
982176 982176 
984892 
978132 
980432 
986164 
989588 
991913 
970664 987807 970664 
983686 983692 
981043 
981930 987760 
971930 
985716 
988508 
986862 981124 
988746 
983299 
983305 
983764 
991589 
981364 
980459 
981404 981404 981404 
982459 
984039 
989862 
984982 984982 984982 
989665 
980459 987818 987884 977311 989341 
984082 
984094 984324 
975982 
984473 984473 
989637 
982296 982296 
975592 
986162 970585 970585 
983085 
983299 
985493 985781 
970585 
988830 987995 988830 988829 
982459 
983048 975592 
981304 983594 
987546 
983303 
983454 
985781 
984962 
991721 991409 
984962 983218 
982176 982176 
984892 
991913 
980432 
985336 
989588 
970664 987807 970664 
981930 987760 
971930 
985716 
983686 983692 
988746 
991589 
983764 
984082 985256 
981364 
981043 
981404 981404 981404 
981838 983359 
984039 
989862 
980459 987818 987884 977311 989341 
984094 984324 
975982 
984473 984473 
989637 
982296 982296 
975592 
986162 970585 970585 
983085 
983299 
985493 985781 
970585 
988830 987995 988830 988829 
982459 
983048 975592 
981304 983594 
987546 
983303 
983454 
985781 
984962 
991721 991409 
984962 983218 
982176 982176 
984892 
991913 
980432 
985336 
989588 
970664 987807 970664 
981930 987760 
971930 
985716 
983686 983692 
988746 
991589 
983764 
984082 985256 
981364 
981043 
981404 981404 981404 
981838 983359 
984039 
989862 
980459 987818 987884 977311 989341 
984094 984324 
975982 
984473 984473 
989637 
