981143 
921036 
986620 
921441 
984623 
984082 
984320 
980459 
980459 
970585 
982732 
992048 
984402 
984082 
984473 
984624 
984624 
981096 
982697 
986681 
981143 
921036 
986620 921441 
984623 
984082 
984320 
980459 980459 
970585 
982732 
992048 
984402 
984082 
984473 984624 984624 
981096 
982697 
986681 
981143 
921036 
986620 921441 
984623 
984082 
984320 
980459 980459 
970585 
982732 
992048 
984402 
984082 
984473 984624 984624 
981096 
982697 
986681 
981143 
986620 921441 
984623 
984082 
984320 
980459 980459 
970585 
982732 
984402 
984082 
984473 984624 984624 
921036 
982697 
981143 
986620 921441 
984623 
984082 
984320 
980459 980459 
970585 
982732 
984402 
984082 
984473 984624 984624 
921036 
982697 
