983130 983130 
983468 982709 
975592 
976045 976045 976045 
981891 
982735 982738 
982234 981364 
981278 981278 976045 982234 981278 976044 982578 
971930 
981962 
976812 
981161 
956882 975380 956882 
989457 989457 989457 
989230 
984082 
981786 
984082 
989054 989054 989054 
975592 975612 
982275 
987993 987992 986018 
988168 988168 
991296 
984625 
981364 982746 982745 
983424 
985907 983308 984516 984141 
982431 980209 
988722 988168 
980459 
982864 
985232 
989367 986796 984924 
983424 
983304 
973487 
971930 
982306 973487 
970585 
981837 991442 
984275 
982477 982477 
988952 
983141 983364 
982047 982047 
984791 
989038 
989567 989465 988075 
956882 
985454 
984230 
976140 
981544 982735 
987157 991516 
985233 
984679 
975379 
984440 985781 985781 
986243 
984082 
982582 
982697 978633 
983888 
989420 989411 
985409 
991205 988119 
981042 
984082 
991088 989782 
988168 
991863 988075 
985868 981298 
989763 
983840 
977002 
984977 
986018 
984094 985741 
987173 982713 987157 
983032 984152 
982117 982083 
981404 
975592 
987880 988851 987880 987610 
921417 
989022 989022 986224 989268 989267 989059 
984977 984977 
992258 
981602 981604 981603 981604 981602 981603 
984082 
989301 
983305 
985364 984982 
982713 
982706 
982949 982949 
980459 
983141 
983611 
983303 
988957 
991309 
985636 
987448 
984630 
983619 
991373 
986682 985781 991643 
985741 
973487 
983151 
976284 976284 
983695 
981042 
984438 
986816 
983590 
960928 
985256 988243 986876 
983511 
991819 986533 
983175 
984178 984630 983303 
988420 986366 
