989151 
982713 
988461 988461 
987456 
991942 
984596 
983575 
921036 
970664 986256 981144 984094 987157 981930 985402 
989897 991611 991942 986526 
981264 
984851 
990091 989937 989929 989929 
977402 982752 982762 980170 982731 982641 
986719 
986777 
991484 
976096 
980117 
976284 
980274 
989354 989354 
982945 982876 
981278 
921036 921036 
988224 
983519 985701 
987775 
985233 
984618 
982506 981859 
981296 981277 982885 981296 981296 
981124 
991589 991589 
920946 982928 
984082 
991808 
984105 
984861 
982757 
982595 
985266 985266 
982954 982640 
984094 
981849 987994 
974681 974934 
985094 
983697 
989929 989937 989929 
981849 
