988379 
989934 
982487 
986753 
986757 
987668 
991284 
987993 
981043 
985080 
970664 
974718 
984034 
986164 
981849 
989829 
989763 
988168 
987057 
984602 
985883 
982083 
984082 
983619 
921036 
971586 
987799 
988039 
984977 
988784 
988805 
988709 
989403 
989403 
988379 
989934 
982487 
986753 986757 
987668 991284 987993 
981043 
985080 
970664 974718 984034 
986164 
981849 989829 989763 988168 
987057 984602 
985883 
982083 
984082 
983619 
921036 
971586 
987799 988039 
984977 
988784 
988805 988709 989403 989403 
988379 
989934 
982487 
986753 986757 
987668 991284 987993 
981043 
985080 
970664 974718 984034 
986164 
981849 989829 989763 988168 
987057 984602 
985883 
982083 
984082 
983619 
921036 
971586 
987799 988039 
984977 
988784 
988805 988709 989403 989403 
982487 
988784 
986753 986757 
970664 974718 984034 
981849 989829 989763 988168 
987057 984602 
985883 
982083 
921036 
971586 
987799 988039 
984977 
986164 
982487 
988784 
986753 986757 
970664 974718 984034 
981849 989829 989763 988168 
987057 984602 
985883 
982083 
921036 
971586 
987799 988039 
984977 
986164 
