982731 982732 
984141 
989763 984508 
986870 
989585 989939 
982775 
991619 
986526 
983048 
991929 991758 
984034 
987157 990182 
986837 
986685 
987396 988820 
987884 
986848 
987628 989763 
991942 
981124 
984679 
985812 
991225 
982278 982374 982278 
985863 
982083 982117 
991981 
982731 982732 
984141 
989763 984508 
986870 
989585 989939 
982775 
991619 
986526 
983048 
991929 991758 
984034 
987157 990182 
986837 
986685 
987396 988820 
987884 
986848 
987628 989763 
991942 
981124 
984679 
985812 
991225 
982278 982374 982278 
985863 
982083 982117 
991981 
