985225 
982731 
982732 
984141 
985843 
986074 
988148 
986682 
986527 
984977 
986824 
985364 
989763 
991185 
982706 
982706 
982706 
981658 
980286 
986870 
989585 
989939 
982775 
988805 
987993 
987996 
991619 
986526 
980374 
983048 
986134 
987532 
987307 
991929 
991758 
988715 
991225 
984034 
985358 
984977 
985519 
987157 
990182 
989763 
984508 
987884 
985665 
981604 
981602 
981602 
981604 
980393 
982389 
982470 
983890 
985799 
982819 
983851 
989465 
987396 
988820 
982697 
981849 
981849 
986837 
985863 
981364 
981364 
986848 
921036 
991819 
987628 
989763 
986685 
991942 
986526 
985233 
982864 
984860 
981124 
983619 
984679 
986758 
988832 
986824 
988833 
984427 
981297 
987545 
985344 
980459 
985818 
983471 
985364 
984125 
985812 
982626 
983318 
982278 
982374 
982278 
984214 
984293 
984293 
984293 
984082 
985863 
986633 
982083 
982117 
991981 
989226 
985863 
988649 
991609 
981364 
991592 
985225 
982731 982732 
984141 
985843 
986074 988148 986682 
986527 
984977 
986824 
985364 
989763 991185 
982706 982706 982706 981658 980286 
986870 
989585 989939 
982775 
988805 987993 987996 
991619 
986526 
980374 
983048 
986134 
987532 
987307 
991929 991758 
988715 
991225 
984034 
985358 
984977 
985519 
987157 990182 
989763 984508 
987884 
985665 
981604 981602 981602 981604 
980393 982389 982470 
983890 
985799 
982819 
983851 
989465 
987396 988820 
982697 
981849 981849 
986837 
985863 
981364 981364 
986848 
921036 
991819 
987628 989763 
986685 
991942 
986526 985233 
982864 984860 
981124 
983619 
984679 
986758 
988832 986824 988833 984427 981297 987545 985344 
980459 
985818 
983471 985364 
984125 
985812 
982626 
983318 
982278 982374 982278 
984214 
984293 984293 984293 
984082 
985863 
986633 
982083 982117 
991981 
989226 985863 988649 
991609 
981364 
991592 
985225 
982731 982732 
984141 
985843 
986074 988148 986682 
986527 
984977 
986824 
985364 
989763 991185 
982706 982706 982706 981658 980286 
986870 
989585 989939 
982775 
988805 987993 987996 
991619 
986526 
980374 
983048 
986134 
987532 
987307 
991929 991758 
988715 
991225 
984034 
985358 
984977 
985519 
987157 990182 
989763 984508 
987884 
985665 
981604 981602 981602 981604 
980393 982389 982470 
983890 
985799 
982819 
983851 
989465 
987396 988820 
982697 
981849 981849 
986837 
985863 
981364 981364 
986848 
921036 
991819 
987628 989763 
986685 
991942 
986526 985233 
982864 984860 
981124 
983619 
984679 
986758 
988832 986824 988833 984427 981297 987545 985344 
980459 
985818 
983471 985364 
984125 
985812 
982626 
983318 
982278 982374 982278 
984214 
984293 984293 984293 
984082 
985863 
986633 
982083 982117 
991981 
989226 985863 988649 
991609 
981364 
991592 
985225 
991592 
985843 
986074 988148 986682 
984977 
985364 
982706 982706 982706 981658 980286 
985818 
986824 
988805 987993 987996 
980374 
986527 
986134 
987532 
987307 
988715 
985358 
984977 
989763 991185 
985665 
981604 981602 981602 981604 
980393 982389 982470 
983890 
985799 
983851 
989465 
982697 
981849 981849 
985863 
981364 981364 
921036 
991819 
982864 984860 
983619 
986758 
988832 986824 988833 984427 981297 987545 985344 
980459 
982626 
983471 985364 
984125 
986526 985233 
982819 
983318 
984214 
984293 984293 984293 
984082 
986633 
985519 
989226 985863 988649 
991609 
981364 
985225 
991592 
985843 
986074 988148 986682 
984977 
985364 
982706 982706 982706 981658 980286 
985818 
986824 
988805 987993 987996 
980374 
986527 
986134 
987532 
987307 
988715 
985358 
984977 
989763 991185 
985665 
981604 981602 981602 981604 
980393 982389 982470 
983890 
985799 
983851 
989465 
982697 
981849 981849 
985863 
981364 981364 
921036 
991819 
982864 984860 
983619 
986758 
988832 986824 988833 984427 981297 987545 985344 
980459 
982626 
983471 985364 
984125 
986526 985233 
982819 
983318 
984214 
984293 984293 984293 
984082 
986633 
985519 
989226 985863 988649 
991609 
981364 
