989121 
989121 
988128 
980459 
984082 
984082 
984034 
984872 
984094 
984082 
988243 
986870 
988066 
983154 
989234 
984082 
976045 
976045 
976045 
989121 989121 
988128 
980459 
984082 
984082 
984034 
984872 
984094 984082 
988243 986870 988066 
983154 
989234 
984082 
976045 976045 976045 
989121 989121 
988128 
980459 
984082 
984082 
984034 
984872 
984094 984082 
988243 986870 988066 
983154 
989234 
984082 
976045 976045 976045 
989121 989121 
988128 
980459 
984082 
984034 
984872 
984094 984082 
988243 986870 988066 
983154 
989234 
984082 
976045 976045 976045 
989121 989121 
988128 
980459 
984082 
984034 
984872 
984094 984082 
988243 986870 988066 
983154 
989234 
984082 
976045 976045 976045 
