987905 
984082 
984082 
989892 
989892 
982669 
983311 
981786 
991592 
981603 
981605 
981515 
982706 
981605 
983503 
984645 
982640 
986527 
986862 
982934 
987489 
982639 
981849 
986535 
986822 
984594 
981304 
981364 
981364 
981304 
982934 
988017 
989888 
985093 
981804 
980545 
981804 
984910 
986083 
972897 
986526 
988530 
992494 
983048 
982597 
984981 
984105 
986822 
970585 
970585 
986028 
987807 
986822 
986858 
984094 
988494 
987460 
988080 
987307 
980374 
991219 
992260 
989051 
989051 
992279 
989800 
988860 
974446 
980081 
981144 
983978 
989512 
985229 
988832 
980393 
987905 
984082 
984082 
989892 989892 
982669 
983311 
981786 
991592 
981603 981605 981515 982706 981605 
983503 
984645 982640 
986527 
986862 
982934 
987489 
982639 
981849 
986535 
986822 
984594 
981304 981364 981364 981304 
982934 
988017 
989888 985093 
981804 
980545 981804 
984910 986083 
972897 
986526 
988530 
992494 
983048 
982597 984981 984105 
986822 
970585 970585 
986028 
987807 
986822 986858 984094 
988494 987460 988080 
987307 
980374 
991219 
992260 989051 989051 992279 989800 988860 
974446 980081 981144 
983978 
989512 
985229 
988832 
980393 
987905 
984082 
984082 
989892 989892 
982669 
983311 
981786 
991592 
981603 981605 981515 982706 981605 
983503 
984645 982640 
986527 
986862 
982934 
987489 
982639 
981849 
986535 
986822 
984594 
981304 981364 981364 981304 
982934 
988017 
989888 985093 
981804 
980545 981804 
984910 986083 
972897 
986526 
988530 
992494 
983048 
982597 984981 984105 
986822 
970585 970585 
986028 
987807 
986822 986858 984094 
988494 987460 988080 
987307 
980374 
991219 
992260 989051 989051 992279 989800 988860 
974446 980081 981144 
983978 
989512 
985229 
988832 
980393 
987905 
982669 
983311 
981786 
991592 
981603 981605 981515 982706 981605 
983503 
984645 982640 
982934 
987489 
982639 
981849 
989892 989892 
981304 981364 981364 981304 
988494 987460 988080 
989888 985093 
988832 
980545 981804 
984910 986083 
972897 
986526 
986028 
983048 
982597 984981 984105 
987807 
986822 986858 984094 
987307 
980374 
991219 
974446 980081 981144 
983978 
989512 
985229 
980393 
987905 
982669 
983311 
981786 
991592 
981603 981605 981515 982706 981605 
983503 
984645 982640 
982934 
987489 
982639 
981849 
989892 989892 
981304 981364 981364 981304 
988494 987460 988080 
989888 985093 
988832 
980545 981804 
984910 986083 
972897 
986526 
986028 
983048 
982597 984981 984105 
987807 
986822 986858 984094 
987307 
980374 
991219 
974446 980081 981144 
983978 
989512 
985229 
980393 
