986589 
985817 
988004 
984176 
985643 
984082 
985868 
988820 
984094 
987545 
983956 
956882 
956882 
983122 
985356 
983122 
984972 
988243 
985256 
986157 
987577 
984977 
985753 
991937 
986837 
980459 
981787 
920923 
920923 
985063 
988126 
982522 
972136 
982309 
984324 
988080 
980459 
992525 
988016 
981931 
981930 
981787 
983122 
983653 
982779 
920649 
975592 
984541 
982900 
983468 
980674 
986589 985817 
988004 
984176 
985643 
984082 
985868 988820 
984094 
987545 
983956 
956882 956882 
983122 985356 983122 984972 
988243 985256 986157 
987577 984977 
985753 991937 
986837 
980459 
981787 
920923 920923 
985063 
988126 
982522 972136 
982309 
984324 
988080 
980459 
992525 
988016 
981931 
981930 
981787 983122 
983653 982779 920649 
975592 
984541 
982900 
983468 980674 
986589 985817 
988004 
984176 
985643 
984082 
985868 988820 
984094 
987545 
983956 
956882 956882 
983122 985356 983122 984972 
988243 985256 986157 
987577 984977 
985753 991937 
986837 
980459 
981787 
920923 920923 
985063 
988126 
982522 972136 
982309 
984324 
988080 
980459 
992525 
988016 
981931 
981930 
981787 983122 
983653 982779 920649 
975592 
984541 
982900 
983468 980674 
986589 985817 
984176 
985643 
984082 
985868 988820 
987545 
983956 
956882 956882 
983122 985356 983122 984972 
985753 991937 
986837 
980459 
981787 
920923 920923 
988126 
982522 972136 
982309 
984324 
980459 
992525 
981930 
981787 983122 
984541 
988016 
983468 980674 
986589 985817 
984176 
985643 
984082 
985868 988820 
987545 
983956 
956882 956882 
983122 985356 983122 984972 
985753 991937 
986837 
980459 
981787 
920923 920923 
988126 
982522 972136 
982309 
984324 
980459 
992525 
981930 
981787 983122 
984541 
988016 
983468 980674 
