970585 
986526 
983378 
982453 
987194 
989637 
977791 
984039 
982459 
983754 
983149 
986746 
982706 
987194 
991475 
987194 
987194 
987194 
984175 
989599 
982427 
980947 
981849 
970585 986526 
983378 
982453 
987194 
989637 
977791 984039 
982459 983754 
983149 
986746 
982706 
987194 991475 987194 987194 987194 
984175 
989599 
982427 980947 981849 
970585 986526 
983378 
982453 
987194 
989637 
977791 984039 
982459 983754 
983149 
986746 
982706 
987194 991475 987194 987194 987194 
984175 
989599 
982427 980947 981849 
970585 986526 
983378 
987194 
983149 
987194 991475 987194 987194 987194 
984175 
982427 980947 981849 
970585 986526 
983378 
987194 
983149 
987194 991475 987194 987194 987194 
984175 
982427 980947 981849 
